CODE,NAME,MALE_POPULATION,FEMALE_POPULATION,TOTAL_POPULATION
1100,ACEH,2243578,2242992,4486570
1101,SIMEULUE,41245,39034,80279
1101010,TEUPAH SELATAN,4298,4117,8415
1101020,SIMEULUE TIMUR,14967,13960,28927
1101021,TEUPAH BARAT,3614,3406,7020
1101030,SIMEULUE TENGAH,4580,4425,9005
1101031,TELUK DALAM,2559,2347,4906
1101040,SALANG,3903,3710,7613
1101050,SIMEULUE BARAT,5118,4984,10102
1101051,ALAFAN,2206,2085,4291
1102,ACEH SINGKIL,51638,50575,102213
1102010,PULAU BANYAK,3391,3165,6556
1102020,SINGKIL,7995,8235,16230
1102021,SINGKIL UTARA,4581,4344,8925
1102022,KUALA BARU,1076,1102,2178
1102030,SIMPANG KANAN,6313,6384,12697
1102031,GUNUNG MERIAH,15324,15038,30362
1102032,DANAU PARIS,3510,3146,6656
1102033,SURO,3847,3720,7567
1102042,SINGKOHOR,2780,2564,5344
1102043,KOTA BAHARU,2821,2877,5698
1103,ACEH SELATAN ,99616,102387,202003
1103010,TRUMON,2756,2639,5395
1103011,TRUMON TIMUR,5231,5120,10351
1103020,BAKONGAN,5374,5525,10899
1103021,BAKONGAN TIMUR,2613,2597,5210
1103030,KLUET SELATAN,6073,6346,12419
1103031,KLUET TIMUR,4234,4331,8565
1103040,KLUET UTARA,10864,11234,22098
1103041,PASIE RAJA,7827,7725,15552
1103042,KLUET TENGAH,3062,3058,6120
1103050,TAPAK TUAN,10848,11615,22463
1103060,SAMA DUA,6986,7435,14421
1103070,SAWANG,6805,6857,13662
1103080,MEUKEK,8912,9235,18147
1103090,LABUHAN HAJI,5724,6139,11863
1103091,LABUHAN HAJI TIMUR,4575,4791,9366
1103092,LABUHAN HAJI BARAT,7732,7740,15472
1104,ACEH TENGGARA,89305,89547,178852
1104010,LAWE ALAS,6495,6533,13028
1104011,BABUL RAHMAD,3683,3743,7426
1104012,TANOH ALAS,1827,1743,3570
1104020,LAWE SIGALA-GALA,8614,8826,17440
1104021,BABUL MAKMUR,6140,6364,12504
1104022,SEMADAM,5271,5378,10649
1104023,LAUSER,2526,2318,4844
1104030,BAMBEL,7510,7624,15134
1104031,BUKIT TUSAM,4565,4660,9225
1104032,LAWE SUMUR,3275,3411,6686
1104040,BABUSSALAM,12476,12616,25092
1104041,LAWE BULAN,6731,6687,13418
1104050,BADAR,6133,5979,12112
1104051,DARUL HASANAH,5829,5600,11429
1104052,KETAMBE,4733,4525,9258
1104053,DELENG POKHKISEN,3497,3540,7037
1105,ACEH TIMUR,179682,179598,359280
1105080,SERBA JADI,2825,2880,5705
1105081,SIMPANG JERNIH,1579,1532,3111
1105082,PEUNARON,4265,3979,8244
1105090,BIREM BAYEUN,12961,12181,25142
1105100,RANTAU SELAMAT,5634,5435,11069
1105101,SUNGAI RAYA,5494,5211,10705
1105110,PEUREULAK,19734,19800,39534
1105111,PEUREULAK TIMUR,6285,6306,12591
1105112,PEUREULAK BARAT,6785,7008,13793
1105120,RANTO PEUREULAK,11086,10824,21910
1105130,IDI RAYEUK,16582,16523,33105
1105131,PEUDAWA ,5147,5026,10173
1105132,BANDA ALAM,3649,3641,7290
1105133,IDI TUNONG,4345,4391,8736
1105134,DARUL IHSAN,2732,2688,5420
1105135,IDI TIMUR,2522,2623,5145
1105140,DARUL AMAN,8651,8887,17538
1105150,NURUSSALAM,7526,7757,15283
1105151,DARUL FALAH,1429,1469,2898
1105160,JULOK,11745,12025,23770
1105161,INDRA MAKMUR,8002,7610,15612
1105170,PANTE BIDARI,10513,10765,21278
1105180,SIMPANG ULIM,8933,9120,18053
1105181,MADAT,11258,11917,23175
1106,ACEH TENGAH,88812,86517,175329
1106010,LINGE,4435,4260,8695
1106011,ATU LINTANG,2999,2816,5815
1106012,JAGONG JEGET,4571,4281,8852
1106020,BINTANG,4371,4212,8583
1106031,LUT TAWAR,8942,8965,17907
1106032,KEBAYAKAN,6963,7081,14044
1106040,PEGASING,9023,8567,17590
1106041,BIES,3147,3262,6409
1106050,BEBESEN,17033,17149,34182
1106051,KUTE PANANG,3542,3247,6789
1106060,SILIH NARA,10332,10154,20486
1106061,KETOL,5852,5497,11349
1106062,CELALA,4290,4078,8368
1106063,RUSIP ANTARA,3312,2948,6260
1107,ACEH BARAT,87682,85214,172896
1107050,JOHAN PAHLAWAN,28527,27696,56223
1107060,SAMATIGA,6742,6586,13328
1107061,BUBON,3248,3266,6514
1107062,ARONGAN LAMBALEK,5455,5114,10569
1107070,WOYLA,5937,5926,11863
1107071,WOYLA BARAT,3483,3372,6855
1107072,WOYLA TIMUR,2073,2070,4143
1107080,KAWAY XVI,9360,8992,18352
1107081,MEUREUBO,13478,12861,26339
1107082,PANTAI CEUREMEN,4823,4853,9676
1107083,PANTON REU,2835,2778,5613
1107090,SUNGAI MAS,1721,1700,3421
1108,ACEH BESAR,179495,170730,350225
1108010,LHOONG,4914,4183,9097
1108020,LHONGA,7797,7091,14888
1108021,LEUPUNG,1338,1215,2553
1108030,INDRAPURI ,9952,9711,19663
1108031,KUTA COT GLIE,6182,6135,12317
1108040,SEULIMEUM,11282,10356,21638
1108041,KOTA JANTHO,4340,3907,8247
1108042,LEMBAH SEULAWAH,5386,5012,10398
1108050,MESJID RAYA,10703,10060,20763
1108060,DARUSSALAM,11087,11679,22766
1108061,BAITUSSALAM,9126,7413,16539
1108070,KUTA BARO,11834,11701,23535
1108080,MONTASIK,8982,8790,17772
1108081,BLANG BINTANG,5486,5237,10723
1108090,INGIN JAYA,13942,13692,27634
1108091,KRUENG BARONA JAYA,7387,6512,13899
1108100,SUKA MAKMUR,6932,6942,13874
1108101,KUTA MALAKA,3010,2948,5958
1108102,SIMPANG TIGA,3036,2695,5731
1108110,DARUL IMARAH,23265,23114,46379
1108111,DARUL KAMAL,3440,3294,6734
1108120,PEUKAN BADA,8033,7206,15239
1108130,PULO ACEH,2041,1837,3878
1109,PIDIE,183675,194603,378278
1109010,GEUMPANG,3135,2878,6013
1109011,MANE,3799,3883,7682
1109070,GLUMPANG TIGA,7900,8603,16503
1109071,GLUMPANG BARO,4447,5104,9551
1109080,MUTIARA,8866,9551,18417
1109081,MUTIARA TIMUR,14729,16030,30759
1109090,TIROTRUSEB,3430,3668,7098
1109100,TANGSE,11561,11948,23509
1109111,KEUMALA,4296,4537,8833
1109112,TITEUE,3056,3038,6094
1109120,SAKTI,9124,9643,18767
1109130,MILA,3817,4269,8086
1109140,PADANG TIJI,9706,9995,19701
1109150,DELIMA,8888,9744,18632
1109151,GRONG GRONG,2983,3222,6205
1109160,INDRAJAYA,9851,10842,20693
1109170,PEUKAN BARO,8738,9513,18251
1109180,KEMBANG TANJONG,9370,9889,19259
1109190,SIMPANG TIGA,9770,10536,20306
1109200,KOTA SIGLI,9230,9424,18654
1109210,PIDIE,19439,20462,39901
1109220,BATEE,8871,9098,17969
1109230,MUARA TIGA,8669,8726,17395
1110,BIREUEN,191006,198018,389024
1110010,SAMALANGA ,13962,13613,27575
1110011,SIMPANG MAMPLAM,11950,12145,24095
1110020,PANDRAH,3729,3941,7670
1110030,JEUNIEB,10906,11357,22263
1110031,PEULIMBANG,4955,5283,10238
1110040,PEUDADA,11781,12243,24024
1110050,JULI,14279,14495,28774
1110060,JEUMPA,16149,16097,32246
1110061,KOTA JUANG,22233,22081,44314
1110062,KUALA,7763,8403,16166
1110070,JANGKA,12449,13235,25684
1110080,PEUSANGAN,23181,24537,47718
1110081,PEUSANGAN SELATAN,6334,6734,13068
1110082,PEUSANGAN SIBLAH KRUENG,5045,5381,10426
1110090,MAKMUR,6586,7063,13649
1110100,GANDA PURA,9978,10967,20945
1110101,KUTA BLANG,9726,10443,20169
1111,ACEH UTARA,262101,267645,529746
1111010,SAWANG,16338,17138,33476
1111020,NISAM,8497,8657,17154
1111021,NISAM ANTARA,5995,6064,12059
1111022,BANDA BARO,3524,3842,7366
1111030,KUTA MAKMUR,10784,11145,21929
1111031,SIMPANG KERAMAT,4420,4308,8728
1111040,SYAMTALIRA BAYU,9447,9504,18951
1111041,GEUREUDONG PASE,2239,2200,4439
1111050,MEURAH MULIA,8515,9061,17576
1111060,MATANGKULI,8140,8355,16495
1111061,PAYA BAKONG,6430,6444,12874
1111062,PIRAK TIMU,3627,3788,7415
1111070,COT GIREK,9121,9173,18294
1111080,TANAH JAMBO AYE,19281,19744,39025
1111081,LANGKAHAN,10661,10369,21030
1111090,SEUNUDON,11659,12012,23671
1111100,BAKTIYA,15920,16529,32449
1111101,BAKTIYA BARAT,8422,8517,16939
1111110,LHOKSUKON,21796,22106,43902
1111120,TANAH LUAS,10957,11067,22024
1111121,NIBONG,4425,4641,9066
1111130,SAMUDERA,12096,12281,24377
1111140,SYAMTALIRA ARON,8088,8339,16427
1111150,TANAH PASIR,4047,4348,8395
1111151,LAPANG,3913,3999,7912
1111160,MUARA BATU,12032,12332,24364
1111170,DEWANTARA,21727,21682,43409
1112,ACEH BARAT DAYA,62633,63358,125991
1112010,MANGGENG ,6298,6482,12780
1112011,LEMBAH SABIL,4704,4901,9605
1112020,TANGAN-TANGAN,5626,5879,11505
1112021,SETIA,3792,3673,7465
1112030,BLANG PIDIE,9969,10097,20066
1112031,JEUMPA,4700,4781,9481
1112040,SUSOH,10408,10526,20934
1112050,KUALA BATEE,8823,8961,17784
1112060,BABAH ROT,8313,8058,16371
1113,GAYO LUWES,39468,40124,79592
1113010,KUTA PANJANG,3621,3712,7333
1113011,BLANG JERANGO,3116,3352,6468
1113020,BLANGKEJEREN,12113,12315,24428
1113021,PUTRI BETUNG,3385,3218,6603
1113022,DABUN GELANG,2577,2680,5257
1113023,BLANG PEGAYON,2541,2548,5089
1113030,PINING,2152,2148,4300
1113040,RIKIT GAIB,1811,1947,3758
1113041,PANTAN CUACA,1775,1704,3479
1113050,TERANGUN,3924,4023,7947
1113051,TRIPE JAYA,2453,2477,4930
1114,ACEH TAMIANG,126724,124268,250992
1114010,TAMIANG HULU,8818,8518,17336
1114011,BANDAR PUSAKA,5907,5696,11603
1114020,KEJURUAN MUDA,16045,15697,31742
1114021,TENGGULUN,8445,7864,16309
1114030,RANTAU,16429,16313,32742
1114040,KOTA KUALA SIMPANG,9036,8940,17976
1114050,SEURUWAY,11792,11865,23657
1114060,BENDAHARA,9398,9313,18711
1114061,BANDA MULIA,5412,5235,10647
1114070,KARANG BARU,18140,17925,36065
1114071,SEKERAK,2932,2853,5785
1114080,MANYAK PAYED,14370,14049,28419
1115,NAGAN RAYA,70039,68631,138670
1115010,DARUL MAKMUR,23529,22673,46202
1115020,KUALA,9527,9079,18606
1115021,KUALA PESISIR,7191,6891,14082
1115022,TADU RAYA,5713,5410,11123
1115030,BEUTONG,7068,7038,14106
1115040,SEUNAGAN,7080,7311,14391
1115041,SUKA MAKMUE,4020,3999,8019
1115050,SEUNAGAN TIMUR,5911,6230,12141
1116,ACEH JAYA,39973,36919,76892
1116010,TEUNOM,8659,8481,17140
1116020,PANGA,3293,3266,6559
1116030,KRUENG SABEE ,7638,6715,14353
1116040,SETIA BAKTI,3919,3578,7497
1116050,SAMPOINIET,6332,5576,11908
1116060,JAYA,10132,9303,19435
1117,BENER MERIAH,61871,59999,121870
1117010,TIMANG GAJAH,12780,12416,25196
1117020,PINTU RIME GAYO,5075,4848,9923
1117030,BUKIT,10955,10799,21754
1117040,WIH PESAM,10151,9782,19933
1117050,BANDAR,13064,12807,25871
1117060,SYIAH UTAMA,2372,2144,4516
1117070,PERMATA,7474,7203,14677
1118,PIDIE JAYA,64958,67900,132858
1118010,MEUREUDU,8909,9516,18425
1118020,MEURAH DUA,4896,5172,10068
1118030,BANDAR DUA,11700,11932,23632
1118040,JANGKA BUYA,4324,4381,8705
1118050,ULIM,6639,6638,13277
1118060,TRIENGGADENG,9543,10342,19885
1118070,PANTERAJA,3656,3858,7514
1118080,BANDAR BARU,15291,16061,31352
1171,KOTA BANDA ACEH,115296,108913,224209
1171010,MEURAXA,8826,7494,16320
1171011,JAYA BARU,11359,11124,22483
1171012,BANDA RAYA,10535,10331,20866
1171020,BAITURRAHMAN,15715,14774,30489
1171021,LUENG BATA,12056,11559,23615
1171030,KUTA ALAM,22058,20076,42134
1171031,KUTA RAJA,5526,4898,10424
1171040,SYIAH KUALA,17682,17636,35318
1171041,ULEE KARENG,11539,11021,22560
1172,KOTA SABANG,15580,15067,30647
1172010,SUKAJAYA,7927,7605,15532
1172020,SUKAKARYA,7653,7462,15115
1173,KOTA LANGSA,73930,74974,148904
1173010,LANGSA TIMUR,6896,6945,13841
1173011,LANGSA LAMA,13124,13712,26836
1173020,LANGSA BARAT,15362,15200,30562
1173021,LANGSA BARO,20828,20974,41802
1173030,LANGSA KOTA,17720,18143,35863
1174,KOTA LHOKSEUMAWE,84893,85611,170504
1174010,BLANG MANGAT,10767,10861,21628
1174020,MUARA DUA,21935,22534,44469
1174021,MUARA SATU ,15527,15687,31214
1174030,BANDA SAKTI,36664,36529,73193
1175,KOTA SUBULUSSALAM,33956,33360,67316
1175010,SIMPANG KIRI,13883,13768,27651
1175020,PENANGGALAN,5857,5618,11475
1175030,RUNDENG,5543,5465,11008
1175040,SULTAN DAULAT,6446,6389,12835
1175050,LONGKIB,2227,2120,4347
1200,SUMATERA UTARA,6479051,6506024,12985075
1201,NIAS,64498,67831,132329
1201060,IDANO GAWO,12670,12928,25598
1201061,BAWOLATO,11448,12025,23473
1201062,ULUGAWO,4796,4944,9740
1201070,GIDO,15919,16023,31942
1201081,MA U,4368,5219,9587
1201082,SOMOLO - MOLO,2958,3222,6180
1201130,HILIDUHO,4430,4693,9123
1201131,HILI SERANGKAI,3549,4051,7600
1201132,BOTOMUZOI,4360,4726,9086
1202,MANDAILING NATAL,198623,205271,403894
1202010,BATAHAN,8905,8623,17528
1202011,SINUNUKAN,7847,7429,15276
1202020,BATANG NATAL,11260,11120,22380
1202021,LINGGA BAYU,11373,11092,22465
1202022,RANTO BAEK,5633,5517,11150
1202030,KOTANOPAN,12636,13568,26204
1202031,ULU PUNGKUT,2097,2146,4243
1202032,TAMBANGAN,5276,6181,11457
1202033,LEMBAH SORIK MARAPI,7761,7765,15526
1202034,PUNCAK SORIK MARAPI,3843,4112,7955
1202040,MUARA SIPONGI ,4835,4834,9669
1202041,PAKANTAN,1082,1063,2145
1202050,PANYABUNGAN,37559,39858,77417
1202051,PANYABUNGAN SELATAN,4486,4900,9386
1202052,PANYABUNGAN BARAT,4181,4704,8885
1202053,PANYABUNGAN UTARA,9705,10258,19963
1202054,PANYABUNGAN TIMUR,5960,6334,12294
1202055,HUTA BARGOT,2719,2967,5686
1202060,NATAL,13802,13505,27307
1202070,MUARA BATANG GADIS,7649,7498,15147
1202080,SIABU,22847,24426,47273
1202081,BUKIT MALINTANG,5348,5540,10888
1202082,NAGA JUANG,1819,1831,3650
1203,TAPANULI SELATAN,131435,132673,264108
1203010,BATANG ANGKOLA,15634,16498,32132
1203011,SAYUR MATINGGI,18232,19425,37657
1203070,ANGKOLA TIMUR,9269,9233,18502
1203080,ANGKOLA SELATAN,14300,13452,27752
1203090,ANGKOLA BARAT,20482,20801,41283
1203100,BATANG TORU,14385,14347,28732
1203101,MARANCAR,4676,4637,9313
1203102,MUARA BATANG TORU,5892,5513,11405
1203110,SIPIROK,15014,15392,30406
1203120,ARSE,3886,3982,7868
1203160,SAIPAR DOLOK HOLE,6349,6310,12659
1203161,AEK BILAH,3316,3083,6399
1204,TAPANULI TENGAH,156175,154787,310962
1204010,PINANG SORI,11262,11391,22653
1204011,BADIRI,11184,10796,21980
1204020,SIBABANGUN,8123,8358,16481
1204021,LUMUT,5582,5666,11248
1204022,SUKABANGUN,1462,1409,2871
1204030,PANDAN,24031,22920,46951
1204031,TUKKA,5675,5721,11396
1204032,SARUDIK,10687,10116,20803
1204040,TAPIAN NAULI,9288,9169,18457
1204041,SITAHUIS,2522,2519,5041
1204050,KOLANG,8576,8406,16982
1204060,SORKAM,7878,8124,16002
1204061,SORKAM BARAT,7212,7516,14728
1204062,PASARIBU TOBING,3229,3238,6467
1204070,BARUS,7878,7762,15640
1204071,SOSOR GADONG,6226,6243,12469
1204072,ANDAM DEWI,6941,7109,14050
1204073,BARUS UTARA,2044,2109,4153
1204080,MANDUAMAS ,9674,9510,19184
1204081,SIRANDORUNG,6701,6705,13406
1205,TAPANULI UTARA,137914,140983,278897
1205030,PARMONANGAN,6410,6547,12957
1205040,ADIAN KOTING,7027,6853,13880
1205050,SIPOHOLON,10970,11416,22386
1205060,TARUTUNG,19235,20405,39640
1205061,SIATAS BARITA,6312,6425,12737
1205070,PAHAE JULU,5749,6005,11754
1205080,PAHAE JAE,5108,5457,10565
1205081,PURBATUA,3482,3683,7165
1205082,SIMANGUMBAN,3571,3737,7308
1205090,PANGARIBUAN,13238,13509,26747
1205100,GAROGA,7768,7718,15486
1205110,SIPAHUTAR,12299,12230,24529
1205120,SIBORONG-BORONG,22201,21926,44127
1205130,PAGARAN,8180,8345,16525
1205180,MUARA,6364,6727,13091
1206,TOBA SAMOSIR,85969,86964,172933
1206030,BALIGE,18286,18303,36589
1206031,TAMPAHAN,2157,2134,4291
1206040,LAGU BOTI,8921,9451,18372
1206050,HABINSARAN,7670,7749,15419
1206051,BORBOR,3461,3379,6840
1206052,NASSAU,3717,3572,7289
1206060,SILAEN,5986,6125,12111
1206061,SIGUMPAR,3662,3735,7397
1206070,PORSEA,6320,6368,12688
1206071,PINTU POHAN MERANTI,3526,3544,7070
1206072,SIANTAR NARUMONDA,2802,2923,5725
1206073,PARMAKSIAN,5142,5117,10259
1206080,LUMBAN JULU,3952,4119,8071
1206081,ULUAN,3485,3495,6980
1206082,AJIBATA,3600,3605,7205
1206083,BONATUA LUNASI,3282,3345,6627
1207,LABUHAN BATU,209320,205097,414417
1207050,BILAH HULU,28165,27934,56099
1207070,PANGKATAN,16082,15785,31867
1207080,BILAH BARAT,17131,16607,33738
1207130,BILAH HILIR,25566,24265,49831
1207140,PANAI HULU,16867,16392,33259
1207150,PANAI TENGAH,17034,16306,33340
1207160,PANAI HILIR,18312,17576,35888
1207210,RANTAU SELATAN ,29030,28580,57610
1207220,RANTAU UTARA,41133,41652,82785
1208,ASAHAN,335166,332397,667563
1208010,BANDAR PASIR MANDOGE,16796,15973,32769
1208020,BANDAR PULAU,10466,10046,20512
1208021,AEK SONGSONGAN,8126,8188,16314
1208022,RAHUNING,8875,8635,17510
1208030,PULAU RAKYAT,15798,15730,31528
1208031,AEK KUASAN,11390,11176,22566
1208032,AEK LEDONG,9841,9717,19558
1208040,SEI KEPAYANG,8403,8634,17037
1208041,SEI KEPAYANG BARAT,6451,6294,12745
1208042,SEI KEPAYANG TIMUR,4439,4163,8602
1208050,TANJUNG BALAI,17753,17138,34891
1208060,SIMPANG EMPAT,19985,19588,39573
1208061,TELUK DALAM,8674,8590,17264
1208070,AIR BATU,19638,19504,39142
1208071,SEI DADAP,15545,15187,30732
1208080,BUNTU PANE,11211,11283,22494
1208081,TINGGI RAJA,9106,9081,18187
1208082,SETIA JANJI,5785,5696,11481
1208090,MERANTI,9607,9766,19373
1208091,PULO BANDRING,14045,13916,27961
1208092,RAWANG PANCA ARGA,8858,8610,17468
1208100,AIR JOMAN,23072,22639,45711
1208101,SILAU LAUT,10086,10036,20122
1208160,KISARAN BARAT,27238,28050,55288
1208170,KISARAN TIMUR,33978,34757,68735
1209,SIMALUNGUN,407771,410333,818104
1209010,SILIMAKUTA,6892,6635,13527
1209011,PEMATANG SILIMAHUTA,5195,5135,10330
1209020,PURBA,11009,10828,21837
1209021,HARANGGAOL HORISON,2514,2475,4989
1209030,DOLOK PARDAMEAN,7858,7686,15544
1209040,SIDAMANIK,13226,13658,26884
1209041,PEMATANG SIDAMANIK,8175,8329,16504
1209050,GIRSANG SIPANGAN BOLON,7071,7241,14312
1209060,TANAH JAWA,22574,23630,46204
1209061,HATONDUHAN,10672,10497,21169
1209070,DOLOK PANRIBUAN,8829,9161,17990
1209080,JORLANG HATARAN,7486,7707,15193
1209090,PANEI,10432,10951,21383
1209091,PANOMBEAN PANEI,9596,9437,19033
1209100,RAYA,15684,15581,31265
1209110,DOLOK SILAU,6875,6772,13647
1209120,SILAU KAHEAN ,8440,8625,17065
1209130,RAYA KAHEAN,8684,8492,17176
1209140,TAPIAN DOLOK,19287,18685,37972
1209150,DOLOK BATU NANGGAR,19814,19439,39253
1209160,SIANTAR,31382,31471,62853
1209161,GUNUNG MALELA,16341,16453,32794
1209162,GUNUNG MALIGAS,12991,12988,25979
1209170,HUTABAYU RAJA,14238,14752,28990
1209171,JAWA MARAJA BAH JAMBI,9805,10171,19976
1209180,PEMATANG BANDAR,16190,16540,32730
1209181,BANDAR HULUAN,12979,12895,25874
1209190,BANDAR,31367,32194,63561
1209191,BANDAR MASILAM,12107,12268,24375
1209200,BOSAR MALIGAS,19634,19585,39219
1209210,UJUNG PADANG,20424,20052,40476
1210,DAIRI,134754,135094,269848
1210030,SIDIKALANG,24502,24392,48894
1210031,BERAMPU,4015,3880,7895
1210032,SITINJO,5767,5470,11237
1210040,PARBULUAN,10387,10246,20633
1210050,SUMBUL,19530,19656,39186
1210051,SILAHI SABUNGAN,2217,2263,4480
1210060,SILIMA PUNGGA-PUNGGA,6188,6407,12595
1210061,LAE PARIRA,6748,6853,13601
1210070,SIEMPAT NEMPU,8839,9155,17994
1210080,SIEMPAT NEMPU HULU,8763,8818,17581
1210090,SIEMPAT NEMPU HILIR,5228,5204,10432
1210100,TIGA LINGGA,10541,10828,21369
1210101,GUNUNG SITEMBER,4572,4527,9099
1210110,PEGAGAN HILIR,7347,7327,14674
1210120,TANAH PINEM,10110,10068,20178
1211,KARO,174391,176088,350479
1211010,MARDINGDING,8526,8546,17072
1211020,LAUBALENG,8889,8815,17704
1211030,TIGA BINANGA,9945,9944,19889
1211040,JUHAR,6578,6634,13212
1211050,MUNTE,9719,9915,19634
1211060,KUTA BULUH,5256,5329,10585
1211070,PAYUNG,5365,5454,10819
1211071,TIGANDERKET,6451,6730,13181
1211080,SIMPANG EMPAT,9482,9453,18935
1211081,NAMAN TERAN,6453,6191,12644
1211082,MERDEKA,6652,6562,13214
1211090,KABANJAHE,30977,32313,63290
1211100,BERASTAGI,21245,21310,42555
1211110,TIGAPANAH ,14584,14827,29411
1211111,DOLAT RAYAT,4113,4198,8311
1211120,MEREK,9280,8752,18032
1211130,BARUSJAHE,10876,11115,21991
1212,DELI SERDANG,900733,888510,1789243
1212010,GUNUNG MERIAH,1246,1240,2486
1212020,SINEMBAH TANJUNG MUDA HULU,6228,6098,12326
1212030,SIBOLANGIT,9884,9907,19791
1212040,KUTALIMBARU,17882,17925,35807
1212050,PANCUR BATU,42731,42313,85044
1212060,NAMO RAMBE,18230,18522,36752
1212070,BIRU-BIRU,17171,16874,34045
1212080,SINEMBAH TANJUNG MUDA HILIR,15503,14951,30454
1212090,BANGUN PURBA,11104,10630,21734
1212190,GALANG,31050,30369,61419
1212200,TANJUNG MORAWA,96592,95630,192222
1212210,PATUMBAK,45299,43999,89298
1212220,DELI TUA,29834,30901,60735
1212230,SUNGGAL,123295,121438,244733
1212240,HAMPARAN PERAK,76361,73618,149979
1212250,LABUHAN DELI,30528,29654,60182
1212260,PERCUT SEI TUAN,192178,190978,383156
1212270,BATANG KUIS,28372,27529,55901
1212280,PANTAI LABU,22318,20828,43146
1212290,BERINGIN,26574,25824,52398
1212300,LUBUK PAKAM,40099,40677,80776
1212310,PAGAR MERBAU,18254,18605,36859
1213,LANGKAT,486567,479566,966133
1213010,BOHOROK,19971,19855,39826
1213011,SERAPIT,8033,7885,15918
1213020,SALAPIAN,13043,12934,25977
1213021,KUTAMBARU,6784,6565,13349
1213030,SEI BINGAI,24007,24156,48163
1213040,KUALA,19479,19541,39020
1213050,SELESAI,34788,34296,69084
1213060,BINJAI,21493,20777,42270
1213070,STABAT,40386,41233,81619
1213080,WAMPU,20604,19977,40581
1213090,BATANG SERANGAN,18069,17296,35365
1213100,SAWIT SEBERANG,12622,12575,25197
1213110,PADANG TUALANG,23269,23521,46790
1213120,HINAI,24086,23770,47856
1213130,SECANGGANG,32718,32508,65226
1213140,TANJUNG PURA,32507,31835,64342
1213150,GEBANG,21417,21003,42420
1213160,BABALAN ,28687,27684,56371
1213170,SEI LEPAN,23758,22947,46705
1213180,BRANDAN BARAT,11313,10684,21997
1213190,BESITANG,22139,21676,43815
1213200,PANGKALAN SUSU,20746,20500,41246
1213201,PEMATANG JAYA,6648,6348,12996
1214,NIAS SELATAN,144326,145550,289876
1214010,HIBALA,4832,4806,9638
1214020,PULAU-PULAU BATU,8121,8250,16371
1214021,PULAU-PULAU BATU TIMUR,1269,1220,2489
1214030,TELUK DALAM,14232,13571,27803
1214031,FANAYAMA,10004,9625,19629
1214032,TOMA,4067,3965,8032
1214033,MANIAMOLO,6770,6493,13263
1214034,MAZINO,4129,4135,8264
1214040,AMANDRAYA,8563,8617,17180
1214041,ARAMO,3836,3848,7684
1214050,LAHUSA,17401,17763,35164
1214060,GOMO,12327,12771,25098
1214061,SUSUA,7366,7566,14932
1214062,MAZO,7284,7903,15187
1214063,UMBUNASI,3886,3934,7820
1214070,LOLOMATUA,12429,12884,25313
1214080,LOLOWA'U,14952,15257,30209
1214081,HILIMEGAI,2858,2942,5800
1215,HUMBANG HASUNDUTAN,85274,86413,171687
1215010,PAKKAT,11128,11883,23011
1215020,ONAN GANJANG,4860,4994,9854
1215030,SIJAMA POLANG,2542,2572,5114
1215040,DOLOK SANGGUL,21546,21762,43308
1215050,LINTONG NIHUTA,14681,14369,29050
1215060,PARANGINAN,6179,6277,12456
1215070,BAKTI RAJA,3387,3430,6817
1215080,POLLUNG,8808,8789,17597
1215090,PARLILITAN,8553,8754,17307
1215100,TARA BINTANG,3590,3583,7173
1216,PAKPAK BHARAT,20474,20007,40481
1216010,SALAK,3571,3640,7211
1216011,SITELLU TALI URANG JEHE,4685,4652,9337
1216012,PAGINDAR,665,545,1210
1216013,SITELLU TALI URANG JULU,1728,1653,3381
1216014,PERGETTENG-GETTENG SENGKUT,1898,1844,3742
1216020,KERAJAAN,4093,4022,8115
1216021,TINADA,1868,1771,3639
1216022,SIEMPAT RUBE,1966,1880,3846
1217,SAMOSIR ,59396,60254,119650
1217010,SIANJUR MULA MULA,4602,4529,9131
1217020,HARIAN,3867,3974,7841
1217030,SITIO-TIO,3532,3589,7121
1217040,ONAN RUNGGU,5099,5182,10281
1217050,NAINGGOLAN,5818,5952,11770
1217060,PALIPI,7937,8126,16063
1217070,RONGGUR NIHUTA,4124,4217,8341
1217080,PANGURURAN,14736,14989,29725
1217090,SIMANINDO,9681,9696,19377
1218,SERDANG BEGADAI,298130,295673,593803
1218010,KOTARIH,4054,3925,7979
1218011,SILINDA,3840,3824,7664
1218012,BINTANG BAYU,5359,5218,10577
1218020,DOLOK MASIHUL,23786,24393,48179
1218021,SERBAJADI,9676,9862,19538
1218030,SIPISPIS,16068,15465,31533
1218040,DOLOK MERAWAN,8586,8459,17045
1218050,TEBINGTINGGI,20072,20157,40229
1218051,TEBING SYAHBANDAR,16130,16048,32178
1218060,BANDAR KHALIPAH,12305,12431,24736
1218070,TANJUNG BERINGIN,18851,18021,36872
1218080,SEI RAMPAH,31990,31515,63505
1218081,SEI BAMBAN,21364,21382,42746
1218090,TELUK MENGKUDU,20709,20428,41137
1218100,PERBAUNGAN,49790,49731,99521
1218101,PEGAJAHAN,13523,13177,26700
1218110,PANTAI CERMIN,21605,21178,42783
99,LAINNYA,422,459,881
1219,BATU BARA,188456,186079,374535
1219010,SEI BALAI,13357,13378,26735
1219020,TANJUNG TIRAM,32233,30559,62792
1219030,TALAWI,27047,26459,53506
1219040,LIMAPULUH,42312,42707,85019
1219050,AIR PUTIH,22913,23289,46202
1219060,SEI SUKA,26398,26149,52547
1219070,MEDANG DERAS,24196,23538,47734
1220,PADANG LAWAS UTARA,112098,110951,223049
1220010,BATANG ONANG,6326,6487,12813
1220020,PADANG BOLAK JULU,4823,5101,9924
1220030,PORTIBI,11462,11763,23225
1220040,PADANG BOLAK,28871,29414,58285
1220050,SIMANGAMBAT,24058,22673,46731
1220060,HALONGONAN,14603,14335,28938
1220070,DOLOK ,11505,11009,22514
1220080,DOLOK SIGOMPULON,8109,7815,15924
1220090,HULU SIHAPAS,2341,2354,4695
1221,PADANG LAWAS,111587,111893,223480
1221010,SOSOPAN,4613,4522,9135
1221020,ULU BARUMUN,6829,7038,13867
1221030,BARUMUN,24391,25862,50253
1221040,LUBUK BARUMUN,8092,8137,16229
1221050,SOSA,15854,15796,31650
1221060,BATANG LUBU SUTAM,5988,5899,11887
1221070,HUTA RAJA TINGGI,20318,18945,39263
1221080,HURISTAK,9848,9632,19480
1221090,BARUMUN TENGAH,15654,16062,31716
1222,LABUHANBATU SELATAN,141415,136134,277549
1222010,SUNGAI KANAN,22954,22328,45282
1222020,TORGAMBA,50216,47902,98118
1222030,KOTA PINANG,27479,26584,54063
1222040,SILANGKITANG,14359,13849,28208
1222050,KAMPUNG RAKYAT,26407,25471,51878
1223,LABUHANBATU UTARA,167551,164109,331660
1223010,NA IX-X,25214,24600,49814
1223020,MARBAU,19209,18984,38193
1223030,AEK KUO,14597,14379,28976
1223040,AEK NATAS,16744,16515,33259
1223050,KUALUH SELATAN,28507,28061,56568
1223060,KUALUH HILIR,16098,15502,31600
1223070,KUALUH HULU,32588,32050,64638
1223080,KUALUH LEIDONG,14594,14018,28612
1224,NIAS UTARA,63107,64423,127530
1224010,TUGALA OYO,3025,3065,6090
1224020,ALASA,9445,9780,19225
1224030,ALASA TALU MUZOI,3237,3219,6456
1224040,NAMOHALU ESIWA,5994,6152,12146
1224050,SITOLU ORI,5712,5691,11403
1224060,TUHEMBERUA,5133,5243,10376
1224070,SAWO,4744,4889,9633
1224080,LOTU,5530,5684,11214
1224090,LAHEWA TIMUR,4944,4914,9858
1224100,AFULU,5162,5353,10515
1224110,LAHEWA,10181,10433,20614
1225,NIAS BARAT,38982,42479,81461
1225010,SIROMBU,4614,4899,9513
1225020,LAHOMI,3555,4011,7566
1225030,ULU MORO O,3494,3867,7361
1225040,LOLOFITU MOI ,6479,7212,13691
1225050,MANDREHE UTARA,3791,4132,7923
1225060,MANDREHE,8915,9794,18709
1225070,MANDREHE BARAT,3559,3689,7248
1225080,MORO O,4575,4875,9450
1271,KOTA SIBOLGA,42343,42101,84444
1271010,SIBOLGA UTARA,9919,10063,19982
1271020,SIBOLGA KOTA,7016,7285,14301
1271030,SIBOLGA SELATAN,15203,14880,30083
1271031,SIBOLGA SAMBAS,10205,9873,20078
1272,KOTA TANJUNG BALAI,77873,76553,154426
1272010,DATUK BANDAR,16933,16825,33758
1272011,DATUK BANDAR TIMUR,13883,13047,26930
1272020,TANJUNG BALAI SELATAN,9381,9911,19292
1272030,TANJUNG BALAI UTARA,8072,7918,15990
1272040,SEI TUALANG RASO,11473,11257,22730
1272050,TELUK NIBUNG,18131,17595,35726
1273,KOTA PEMATANG SIANTAR,114410,120475,234885
1273010,SIANTAR MARIHAT,8779,9066,17845
1273011,SIANTAR MARIMBUN,7082,7549,14631
1273020,SIANTAR SELATAN,8083,8999,17082
1273030,SIANTAR BARAT,17088,17884,34972
1273040,SIANTAR UTARA,22386,24057,46443
1273050,SIANTAR TIMUR,18365,20313,38678
1273060,SIANTAR MARTOBA,19203,19285,38488
1273061,SIANTAR SITALASARI,13424,13322,26746
1274,KOTA TEBING TINGGI,71845,73335,145180
1274010,PADANG HULU,13180,13582,26762
1274011,TEBING TINGGI KOTA,11717,12303,24020
1274020,RAMBUTAN,15442,15939,31381
1274021,BAJENIS,16467,16620,33087
1274030,PADANG HILIR,15039,14891,29930
1275,KOTA MEDAN,1040680,1068659,2109339
1275010,MEDAN TUNTUNGAN,39729,42245,81974
1275020,MEDAN JOHOR,60912,62557,123469
1275030,MEDAN AMPLAS,58320,59456,117776
1275040,MEDAN DENAI,71346,70496,141842
1275050,MEDAN AREA,47590,48801,96391
1275060,MEDAN KOTA,35258,37603,72861
1275070,MEDAN MAIMUN,19402,20517,39919
1275080,MEDAN POLONIA,25897,26655,52552
1275090,MEDAN BARU,18838,23351,42189
1275100,MEDAN SELAYANG ,48587,50780,99367
1275110,MEDAN SUNGGAL,55164,57262,112426
1275120,MEDAN HELVETIA,70884,73598,144482
1275130,MEDAN PETISAH,29590,32572,62162
1275140,MEDAN BARAT,34596,36117,70713
1275150,MEDAN TIMUR,52438,55970,108408
1275160,MEDAN PERJUANGAN,45171,48791,93962
1275170,MEDAN TEMBUNG,65760,69003,134763
1275180,MEDAN DELI,84671,82521,167192
1275190,MEDAN LABUHAN,56795,54696,111491
1275200,MEDAN MARELAN,70903,68917,139820
1275210,MEDAN KOTA BELAWAN,48829,46751,95580
1276,KOTA BINJAI,122783,123227,246010
1276010,BINJAI SELATAN,23958,24435,48393
1276020,BINJAI KOTA,14714,15406,30120
1276030,BINJAI TIMUR,26793,27113,53906
1276040,BINJAI UTARA,35312,35168,70480
1276050,BINJAI BARAT,22006,21105,43111
1277,KOTA PADANGSIDIMPUAN,93354,98200,191554
1277010,PADANGSIDIMPUAN TENGGARA,14382,15436,29818
1277020,PADANGSIDIMPUAN SELATAN,30040,30908,60948
1277030,PADANGSIDIMPUAN BATUNADUA,9059,9161,18220
1277040,PADANGSIDIMPUAN UTARA,28590,31097,59687
1277050,PADANGSIDIMPUAN HUTAIMBARU,7575,7797,15372
1277051,PADANGSIDIMPUAN ANGKOLA JULU,3708,3801,7509
1278,KOTA GUNUNGSITOLI,61651,63915,125566
1278010,GUNUNGSITOLI IDANOI,10479,10895,21374
1278020,GUNUNGSITOLI SELATAN,6699,7076,13775
1278030,GUNUNGSITOLI BARAT,3561,3866,7427
1278040,GUNUNG SITOLI,30036,30133,60169
1278050,GUNUNGSITOLI ALO OA,3172,3541,6713
1278060,GUNUNGSITOLI UTARA,7704,8404,16108
1300,SUMATERA BARAT,2404472,2441526,4845998
1301,KEP MENTAWAI,39629,36792,76421
1301011,PAGAI SELATAN,4593,4188,8781
1301012,SIKAKAP,4965,4585,9550
1301013,PAGAI UTARA,2655,2477,5132
1301021,SIPORA SELATAN,4431,4118,8549
1301022,SIPORA UTARA,4809,4429,9238
1301030,SIBERUT SELATAN,4370,4105,8475
1301031,SEBERUT BARAT DAYA,3156,2924,6080
1301032,SIBERUT TENGAH,3135,2936,6071
1301040,SIBERUT UTARA,4010,3784,7794
1301041,SIBERUT BARAT,3505,3246,6751
1302,PESISIR SELATAN,212640,217059,429699
1302010,LUNANG SILAUT,15599,14767,30366
1302020,BASA AMPEK BALAI TAPAN,12776,12933,25709
1302030,PANCUNG SOAL,19017,18426,37443
1302040,LINGGO SARI BAGANTI,21120,21176,42296
1302050,RANAH PESISIR,14613,15477,30090
1302060,LENGAYANG,25233,26419,51652
1302070,SUTERA,22912,23088,46000
1302080,BATANG KAPAS,15085,15718,30803
1302090,IV JURAI,21382,21972,43354
1302100,BAYANG ,17633,19066,36699
1302101,IV NAGARI BAYANG UTARA,3467,3805,7272
1302110,KOTO XI TARUSAN,23803,24212,48015
1303,SOLOK,172004,176987,348991
1303040,PANTAI CERMIN,10006,10387,20393
1303050,LEMBAH GUMANTI,26802,26808,53610
1303051,HILIRAN GUMANTI,8087,8003,16090
1303060,PAYUNG SEKAKI,4085,4035,8120
1303061,TIGO LURAH BAJANJANG,4742,4817,9559
1303070,LEMBANG JAYA,12780,12941,25721
1303071,DANAU KEMBAR,9442,9474,18916
1303080,GUNUNG TALANG,23130,23564,46694
1303090,BUKIT SUNDI,10940,11765,22705
1303100,IX KOTO SUNGAI LASI,4819,4846,9665
1303110,KUBUNG,27299,27967,55266
1303120,X KOTO DIATAS,8813,9843,18656
1303130,X KOTO SINGKARAK,15304,16189,31493
1303140,JUNJUNG SIRIH,5755,6348,12103
1304,SIJUNJUNG,100759,100868,201627
1304050,KAMANG BARU,21055,20360,41415
1304060,TANJUNG GADANG,11247,11572,22819
1304070,SIJUNJUNG,20395,20577,40972
1304071,LUBUK TAROK,6926,7164,14090
1304080,IV NAGARI,6980,7057,14037
1304090,KUPITAN,6078,6452,12530
1304100,KOTO TUJUH,16531,16365,32896
1304110,SUMPUR KUDUS,11547,11321,22868
1305,TANAH DATAR,164857,173727,338584
1305010,SEPULUH KOTO,20563,21515,42078
1305020,BATIPUH,14431,15447,29878
1305021,BATIPUH SELATAN,4984,5404,10388
1305030,PARIANGAN,9494,10037,19531
1305040,RAMBATAN,16128,17367,33495
1305050,LIMA KAUM,17410,18383,35793
1305060,TANJUNG EMAS,10719,11161,21880
1305070,PADANG GANTING,6508,7077,13585
1305080,LINTAU BUO,8753,8829,17582
1305081,LINTAU BUO UTARA,17101,17630,34731
1305090,SUNGAYANG,8185,8729,16914
1305100,SUNGAI TARAB,14324,14906,29230
1305110,SALIMPAUNG,10066,10672,20738
1305111,TANJUNG BARU,6191,6570,12761
1306,PADANG PARIAMAN,191496,198708,390204
1306010,BATANG ANAI ,21904,21737,43641
1306020,LUBUK ALUNG,21580,21307,42887
1306021,SINTUK TOBOH GADANG,8806,8901,17707
1306030,ULAKAN TAPAKIS,9005,9903,18908
1306040,NAN SABARIS,12797,13842,26639
1306050,2X11 ENAM LINGKUNG,9030,9283,18313
1306051,ENAM LINGKUNG,9318,9536,18854
1306052,2X11 KAYU TANAM,12665,12907,25572
1306060,VII KOTO SEI SARIAK,16017,17546,33563
1306061,PATAMUAN,7686,7898,15584
1306062,PADANG SAGO,3740,4200,7940
1306070,V KOTO KAMPUNG DALAM,11062,11094,22156
1306071,V KOTO TIMUR,6838,7251,14089
1306080,SUNGAI LIMAU,13663,14136,27799
1306081,BATANG GASAN,4976,5168,10144
1306090,SUNGAI GERINGGING,13895,15093,28988
1306100,IV KOTO AUR MALINTANG,8514,8906,17420
1307,AGAM,223544,231940,455484
1307010,TANJUNG MUTIARA,14312,13999,28311
1307020,LUBUK BASUNG,33891,34307,68198
1307021,IV NAGARI,11546,11024,22570
1307030,TANJUNG RAYA,16507,16800,33307
1307040,MATUR,8216,8728,16944
1307050,IV KOTO,10942,12094,23036
1307051,MALALAK,4536,4763,9299
1307061,BANUHAMPU,17242,18817,36059
1307062,SUNGAI PUA,11132,11910,23042
1307070,IV ANGKAT CANDUNG,21293,22054,43347
1307071,CANDUANG,10531,11355,21886
1307080,BASO,16067,16949,33016
1307090,TILATANG KAMANG,16370,17657,34027
1307091,KAMANG MAGEK,9599,10373,19972
1307100,PALEMBAYAN,14863,14563,29426
1307110,PALUPUH,6497,6547,13044
1308,LIMA PULUH KOTA,172507,175742,348249
1308010,PAYAKUMBUH,15891,16272,32163
1308011,AKABILURU,12537,12831,25368
1308020,LUAK,12506,12975,25481
1308021,LAREH SAGO HALABAN,17179,17535,34714
1308022,SITUJUAH LIMO NAGARI,9919,10402,20321
1308030,HARAU,23313,23381,46694
1308040,GUGUAK,16468,17492,33960
1308041,MUNGKA,12319,12681,25000
1308050,SULIKI,6904,7394,14298
1308051,BUKIK BARISAN,10733,11192,21925
1308060,GUNUANG OMEH ,6258,6259,12517
1308070,KAPUR IX,14108,13386,27494
1308080,PANGKALAN KOTO BARU,14372,13942,28314
1309,PASAMAN,125289,127692,252981
1309070,BONJOL,11616,11558,23174
1309071,TIGO NAGARI,11645,11340,22985
1309072,SIMPANG ALAHAN MATI,5254,5235,10489
1309080,LUBUK SIKAPING,21509,21979,43488
1309100,DUA KOTO,12037,12545,24582
1309110,PANTI,17502,17896,35398
1309111,PADANG GELUGUR,10397,10917,21314
1309121,RAO,10861,11305,22166
1309122,MAPAT TUNGGUL,4458,4407,8865
1309123,MAPAT TUNGGUL SELATAN,4271,4255,8526
1309124,RAO SELATAN,10645,11058,21703
1309125,RAO UTARA,5094,5197,10291
1310,SOLOK SELATAN,72614,71622,144236
1310010,SANGIR,19371,18830,38201
1310020,SANGIR JUJUAN,5820,5717,11537
1310021,SANGIR BALAI JANGGO,8380,7334,15714
1310030,SANGIR BATANG HARI,6590,6426,13016
1310040,SUNGAI PAGU,13778,14624,28402
1310041,PAUAH DUO,7371,7500,14871
1310050,KOTO PARIK GADANG DIATEH,11304,11191,22495
1311,DHARMASRAYA,98871,92406,191277
1311010,SUNGAI RUMBAI,9441,8590,18031
1311011,KOTO BESAR,11842,11013,22855
1311012,ASAM JUJUHAN,5665,4876,10541
1311020,KOTO BARU,14669,14019,28688
1311021,KOTO SALAK,7658,7395,15053
1311022,TIUMANG,5712,5381,11093
1311023,PADANG LAWEH,2839,2529,5368
1311030,SITIUNG,11850,11241,23091
1311031,TIMPEH,6923,6533,13456
1311040,PULAU PUNJUNG,18564,17204,35768
1311041,IX KOTO,3708,3625,7333
1312,PASAMAN BARAT,183828,180759,364587
1312010,SUNGAI BEREMAS,11452,10932,22384
1312020,RANAH BATAHAN,11754,11530,23284
1312030,KOTO BALINGKA,13096,13014,26110
1312040,SUNGAI AUR,15560,15248,30808
1312050,LEMBAH MALINTANG,20714,21236,41950
1312060,GUNUNG TULEH,10069,10191,20260
1312070,TALAMAU,12971,12836,25807
1312080,PASAMAN,31812,31073,62885
1312090,LUHAK NAN DUO ,18815,18527,37342
1312100,SASAK RANAH PASISIE,6735,6498,13233
1312110,KINALI,30850,29674,60524
1371,KOTA PADANG,415235,418349,833584
1371010,BUNGUS TELUK KABUNG,11913,11287,23200
1371020,LUBUK KILANGAN,24756,24371,49127
1371030,LUBUK BEGALUNG,53906,52559,106465
1371040,PADANG SELATAN,28935,28741,57676
1371050,PADANG TIMUR,38588,39087,77675
1371060,PADANG BARAT,22810,22511,45321
1371070,PADANG UTARA,32641,36169,68810
1371080,NANGGALO,27585,29636,57221
1371090,KURANJI,62785,63735,126520
1371100,PAUH,29642,29433,59075
1371110,KOTO TANGAH,81674,80820,162494
1372,KOTA SOLOK,29261,30056,59317
1372010,LUBUK SIKARAH,16119,16486,32605
1372020,TANJUNG HARAPAN,13142,13570,26712
1373,KOTA SAWAHLUNTO,28127,28685,56812
1373010,SILUNGKANG,5053,5067,10120
1373020,LEMBAH SEGAR,5884,6280,12164
1373030,BARANGIN,8304,8548,16852
1373040,TALAWI,8886,8790,17676
1374,KOTA PADANG PANJANG,23290,23718,47008
1374010,PADANG PANJANG BARAT,13658,13979,27637
1374020,PADANG PANJANG TIMUR,9632,9739,19371
1375,KOTA BUKITTINGGI,53745,57209,110954
1375010,GUGUK PANJANG,20130,21400,41530
1375020,MANDIANGIN KOTO SELAYAN,22015,22778,44793
1375030,AUR BIRUGO TIGO BALEH,11600,13031,24631
1376,KOTA PAYAKUMBUH,57890,59020,116910
1376010,PAYAKUMBUH BARAT,22676,23241,45917
1376011,PAYAKUMBUH SELATAN,4634,4767,9401
1376020,PAYAKUMBUH TIMUR,12088,12389,24477
1376030,PAYAKUMBUH UTARA,14200,14280,28480
1376031,PAYAKUMBUH LAMPOSI TIGO NAGORI,4292,4343,8635
1377,KOTA PARIAMAN,38886,40187,79073
1377010,PARIAMAN SELATAN,7828,8203,16031
1377020,PARIAMAN TENGAH,14428,14552,28980
1377021,PARIAMAN TIMUR,7319,7576,14895
1377030,PARIAMAN UTARA,9311,9856,19167
1400,RIAU,2854989,2688042,5543031
1401,KUANTAN SINGINGI,149368,141676,291044
1401010,KUANTAN MUDIK,16156,15333,31489
1401011,HULU KUANTAN,4089,3943,8032
1401012,GUNUNG TOAR,6236,6112,12348
1401020,SINGINGI,15180,13613,28793
1401021,SINGINGI HILIR,18628,16539,35167
1401030,KUANTAN TENGAH,26955,25911,52866
1401040,BENAI,16392,15893,32285
1401050,KUANTAN HILIR,13226,12872,26098
1401051,PANGEAN,8475,8625,17100
1401052,LOGAS TANAH DARAT,9757,8930,18687
1401060,CERENTI,7103,6801,13904
1401061,INUMAN,7171,7104,14275
1402,INDRAGIRI HULU,186989,175972,362961
1402010,PERANAP,14501,13659,28160
1402011,BATANG PERANAP,4676,4318,8994
1402020,SEBERIDA,24242,22114,46356
1402021,BATANG CENAKU,14856,13552,28408
1402022,BATANG GANSAL,14145,12646,26791
1402030,KELAYANG,10723,10570,21293
1402031,RAKIT KULIM,10186,9646,19832
1402040,PASIR PENYU ,15610,15124,30734
1402041,LIRIK,12176,11263,23439
1402042,SUNGAI LALA,6622,6330,12952
1402043,LUBUK BATU JAYA,9762,8819,18581
1402050,RENGAT BARAT,20478,19055,39533
1402060,RENGAT,22970,23136,46106
1402061,KUALA CENAKU,6042,5740,11782
1403,INDRAGIRI HILIR,340299,322006,662305
1403010,KERITANG,31223,30230,61453
1403011,KEMUNING,15420,14236,29656
1403020,RETEH,21091,21120,42211
1403021,SUNGAI BATANG,5966,5860,11826
1403030,ENOK,17051,15917,32968
1403040,TANAH MERAH,15274,14674,29948
1403050,KUALA INDRAGIRI,9556,9132,18688
1403051,CONCONG,6541,6263,12804
1403060,TEMBILAHAN,35074,34450,69524
1403061,TEMBILAHAN HULU,21438,21216,42654
1403070,TEMPULING,15139,14395,29534
1403071,KEMPAS,16845,15757,32602
1403080,BATANG TUAKA,13597,12720,26317
1403090,GAUNG ANAK SERKA,10751,10588,21339
1403100,GAUNG,19894,18665,38559
1403110,MANDAH,19580,18988,38568
1403120,KATEMAN,22832,20981,43813
1403121,PELANGIRAN,23191,18941,42132
1403122,TELUK BELENGKONG,8393,7731,16124
1403123,PULAU BURUNG,11443,10142,21585
1404,PELALAWAN,159247,143774,303021
1404010,LANGGAM,11522,10504,22026
1404011,PANGKALAN KERINCI,36368,33180,69548
1404012,BANDAR SEIKIJANG,9049,8032,17081
1404020,PANGKALAN KURAS,24018,21562,45580
1404021,UKUI,17636,15276,32912
1404022,PANGKALAN LESUNG,13355,11899,25254
1404030,BUNUT,6052,5636,11688
1404031,PELALAWAN,8233,7158,15391
1404032,BANDAR PETALANGAN,6520,6174,12694
1404040,KUALA KAMPAR,9200,8423,17623
1404041,KERUMUTAN,10014,9153,19167
1404042,TELUK MERANTI,7280,6777,14057
1405,SIAK,196814,180418,377232
1405010,MINAS,13520,12320,25840
1405011,SUNGAI MANDAU,3748,3473,7221
1405012,KANDIS,30638,28143,58781
1405020,SIAK ,11190,10233,21423
1405021,KERINCI KANAN,11984,10855,22839
1405022,TUALANG,54710,49281,103991
1405023,DAYUN,14002,12554,26556
1405024,LUBUK DALAM,8755,8258,17013
1405025,KOTO GASIB,9491,9111,18602
1405026,MEMPURA,7310,6798,14108
1405030,SUNGAI APIT,12831,12230,25061
1405031,BUNGA RAYA,10901,10015,20916
1405032,SABAK AUH,5052,4794,9846
1405033,PUSAKO,2682,2353,5035
1406,KAMPAR,353787,332243,686030
1406010,KAMPAR KIRI,13611,12577,26188
1406011,KAMPAR KIRI HULU,5361,5187,10548
1406012,KAMPAR KIRI HILIR,5316,4842,10158
1406013,GUNUNG SAHILAN,9183,8169,17352
1406014,KAMPAR KIRI TENGAH,12401,11220,23621
1406020,XIII KOTO KAMPAR,19248,18229,37477
1406030,BANGKINANG BARAT,11163,10952,22115
1406031,SALO,11642,11175,22817
1406040,TAPUNG,42927,39096,82023
1406041,TAPUNG HULU,36880,33426,70306
1406042,TAPUNG HILIR,27100,24862,51962
1406050,BANGKINANG,17743,16900,34643
1406051,BANGKINANG SEBERANG,14736,14471,29207
1406060,KAMPAR,22314,22183,44497
1406061,KAMPAR TIMUR,10742,10502,21244
1406062,RUMBIO JAYA,7685,7470,15155
1406063,KAMPAR UTARA,7468,7491,14959
1406070,TAMBANG,25820,24566,50386
1406080,SIAK HULU,44372,41550,85922
1406081,PERHENTIAN RAJA,8075,7375,15450
1407,ROKAN HULU,245636,229375,475011
1407010,ROKAN IV KOTO,10333,9924,20257
1407011,PENDALIAN IV KOTO,5677,5016,10693
1407020,TANDUN,13176,12510,25686
1407021,KABUN,11603,10538,22141
1407022,UJUNG BATU,20897,19813,40710
1407030,RAMBAH SAMO,14134,13070,27204
1407040,RAMBAH,21237,20153,41390
1407041,RAMBAH HILIR,17580,16777,34357
1407042,BANGUN PURBA,7977,7597,15574
1407050,TAMBUSAI,27066,25945,53011
1407051,TAMBUSAI UTARA,38392,35432,73824
1407060,KEPENUHAN,10566,9892,20458
1407061,KEPENUHAN HULU ,8149,7614,15763
1407070,KUNTO DARUSSALAM,20729,18790,39519
1407071,PAGARAN TAPAH DARUSSALAM,7586,7101,14687
1407072,BONAI DARUSSALAM,10534,9203,19737
1408,BENGKALIS,257200,241184,498384
1408010,MANDAU,113422,105347,218769
1408011,PINGGIR,40686,37863,78549
1408020,BUKIT BATU,15558,14772,30330
1408021,SIAK KECIL,9677,9016,18693
1408030,RUPAT,15742,14843,30585
1408031,RUPAT UTARA,6632,6160,12792
1408040,BENGKALIS,37063,35537,72600
1408050,BANTAN,18420,17646,36066
1409,ROKAN HILIR,283758,268675,552433
1409010,TANAH PUTIH,29654,27765,57419
1409011,PUJUD,32647,30772,63419
1409012,TANAH PUTIH TANJUNG MELAWAN,6114,6011,12125
1409013,RANTAU KOPAR,2887,2769,5656
1409020,BAGAN SINEMBAH,67708,64540,132248
1409021,SIMPANG KANAN,13301,12416,25717
1409030,KUBU,19699,18669,38368
1409031,PASIR LIMAU KAPAS,16974,16122,33096
1409040,BANGKO,42432,40157,82589
1409041,SINABOI,5671,5243,10914
1409042,BATU HAMPAR,3733,3489,7222
1409050,RIMBA MELINTANG,16508,15876,32384
1409051,BANGKO PUSAKO,26430,24846,51276
1410,KEPULAUAN MERANTI,90577,85794,176371
1410010,TEBING TINGGI BARAT,8048,7198,15246
1410020,TEBING TINGGI,33799,32017,65816
1410030,RANGSANG,13712,12626,26338
1410040,RANGSANG BARAT,12540,12373,24913
1410050,MERBAU,22478,21580,44058
1471,KOTA PEKANBARU,459533,444369,903902
1471010,TAMPAN,87758,85402,173160
1471011,PAYUNG SEKAKI,43306,42178,85484
1471020,BUKIT RAYA,49773,45567,95340
1471021,MARPOYAN DAMAI,64452,60884,125336
1471022,TENAYAN RAYA,63233,60083,123316
1471030,LIMAPULUH,20380,21252,41632
1471040,SAIL,10340,10680,21020
1471050,PEKANBARU KOTA,12546,12456,25002
1471060,SUKAJADI,23382,24341,47723
1471070,SENAPELAN,17694,18538,36232
1471080,RUMBAI,33670,31218,64888
1471081,RUMBAI PESISIR ,32999,31770,64769
1473,KOTA DUMAI,131781,122556,254337
1473010,BUKIT KAPUR,19968,18140,38108
1473011,MEDANG KAMPAI,5428,4782,10210
1473012,SUNGAI SEMBILAN,14449,13047,27496
1473020,DUMAI BARAT,46228,43848,90076
1473030,DUMAI TIMUR,45708,42739,88447
1500,JAMBI,1578338,1510280,3088618
1501,KERINCI,114406,114981,229387
1501010,GUNUNG RAYA,6890,7037,13927
1501020,BATANG MERANGIN,8662,8324,16986
1501030,KELILING DANAU,10585,11407,21992
1501040,DANAU KERINCI,7791,7898,15689
1501050,SITINJAU LAUT,6838,7102,13940
1501070,AIR HANGAT,9487,10085,19572
1501071,AIR HANGAT TIMUR,8515,8765,17280
1501072,DEPATI VII,6931,7434,14365
1501080,GUNUNG KERINCI,5952,5667,11619
1501081,SIULAK,15449,15219,30668
1501090,KAYU ARO,20039,19291,39330
1501091,GUNUNG TUJUH,7267,6752,14019
1502,MERANGIN,172308,163742,336050
1502010,JANGKAT,4598,4323,8921
1502011,SUNGAI TENANG,4669,4375,9044
1502020,MUARA SIAU,4787,4568,9355
1502021,LEMBAH MASURAI,10579,9299,19878
1502022,TIANG PUMPUNG,2312,2215,4527
1502030,PAMENANG,16256,15751,32007
1502031,PAMENANG BARAT,8049,7720,15769
1502032,RENAH PAMENANG ,6853,6577,13430
1502033,PAMENANG SELATAN,4969,4623,9592
1502040,BANGKO,23472,22242,45714
1502041,BANGKO BARAT,5555,5083,10638
1502042,NALO TANTAN,6214,5682,11896
1502043,BATANG MASUMAI,4767,4762,9529
1502050,SUNGAI MANAU,4703,4847,9550
1502051,RENAH PEMBARAP,6079,5971,12050
1502052,PANGKALAN JAMBU,3063,3085,6148
1502060,TABIR,14067,13753,27820
1502061,TABIR ULU,4160,4173,8333
1502062,TABIR SELATAN,13763,12621,26384
1502063,TABIR ILIR,5024,4591,9615
1502064,TABIR TIMUR,3829,3555,7384
1502065,TABIR LINTAS,3829,3521,7350
1502066,MARGO TABIR,6580,6272,12852
1502067,TABIR BARAT,4131,4133,8264
1503,SAROLANGUN,125426,120422,245848
1503010,BATANG ASAI,7673,8315,15988
1503020,LIMUN,7790,7639,15429
1503021,CERMIN NAN GEDANG,5424,5288,10712
1503030,PELAWAN,14160,13834,27994
1503031,SINGKUT,18532,17650,36182
1503040,SAROLANGUN,23448,22619,46067
1503041,BATHIN VIII,9131,8722,17853
1503050,PAUH,10750,10075,20825
1503051,AIR HITAM,12381,11269,23650
1503060,MANDIANGIN,16137,15011,31148
1504,BATANGHARI,123212,117531,240743
1504010,MERSAM,13334,13040,26374
1504011,MARO SEBO ULU,14762,14527,29289
1504020,BATIN XXIV,13139,12259,25398
1504030,MUARA TEMBESI,13735,13487,27222
1504040,MUARA BULIAN,27937,27000,54937
1504041,BAJUBANG,18482,16473,34955
1504042,MARO SEBO ILIR,6767,6154,12921
1504050,PEMAYUNG,15056,14591,29647
1505,MUARO JAMBI,176959,164629,341588
1505010,MESTONG,19256,18089,37345
1505011,SUNGAI BAHAR,26804,24179,50983
1505020,KUMPEH ULU,23678,22146,45824
1505021,SUNGAI GELAM,30128,27088,57216
1505030,KUMPEH,12526,11932,24458
1505040,MARO SEBO,14388,13690,28078
1505050,JAMBI LUAR KOTA,29583,28409,57992
1505060,SEKERNAN ,20596,19096,39692
1506,TANJUNG JABUNG TIMUR,104904,99653,204557
1506010,MENDAHARA,13052,12570,25622
1506011,MENDAHARA ULU,7689,6738,14427
1506012,GERAGAI,11048,9712,20760
1506020,DENDANG,7403,7082,14485
1506031,MUARA SABAK BARAT,7845,7413,15258
1506032,MUARA SABAK TIMUR,15466,15392,30858
1506033,KUALA JAMBI,7066,6853,13919
1506040,RANTAU RASAU,11340,10771,22111
1506041,BERBAK,5020,4774,9794
1506050,NIPAH PANJANG,12797,12501,25298
1506060,SADU,6178,5847,12025
1507,TANJUNG JABUNG BARAT,144759,134178,278937
1507010,TUNGKAL ULU,6463,6207,12670
1507011,MERLUNG,8021,7310,15331
1507012,BATANG ASAM,12567,11197,23764
1507013,TEBING TINGGI,18553,16045,34598
1507014,RENAH MENDALUH,6270,5627,11897
1507015,MUARA PAPALIK,5608,4744,10352
1507020,PENGABUAN,11964,11384,23348
1507021,SENYERANG,11538,10716,22254
1507030,TUNGKAL ILIR,34145,33566,67711
1507031,BRAM ITAM,7628,7098,14726
1507032,SEBERANG KOTA,4190,3936,8126
1507040,BETARA,12462,11327,23789
1507041,KUALA BETARA,5350,5021,10371
1508,TEBO,153900,144143,298043
1508010,TEBO ILIR,13072,12346,25418
1508011,MUARA TABIR,8033,7521,15554
1508020,TEBO TENGAH,18012,16701,34713
1508021,SUMAY,8920,8412,17332
1508022,TENGAH ILIR,10057,9141,19198
1508030,RIMBO BUJANG,30994,28697,59691
1508031,RIMBO ULU,17952,16795,34747
1508032,RIMBO ILIR,11083,10437,21520
1508040,TEBO ULU,15782,15470,31252
1508041,VII KOTO,9270,8772,18042
1508042,SERAI SERUMPUN,3995,3585,7580
1508043,VII KOTO ILIR,6730,6266,12996
1509,BUNGO,155213,147345,302558
1509010,PELEPAT,14279,13320,27599
1509011,PELEPAT ILIR,22968,20940,43908
1509021,BATHIN II BABEKO,5320,5360,10680
1509022,RIMBO TENGAH ,12115,11600,23715
1509023,BUNGO DANI,12114,11155,23269
1509024,PASAR MUARA BUNGO,11520,10714,22234
1509025,BATHIN III,9727,9169,18896
1509030,RANTAU PANDAN,4713,4625,9338
1509031,MUKO-MUKO BATHIN VII,6743,6629,13372
1509032,BATHIN III ULU,3976,3822,7798
1509040,TANAH SEPENGGAL,10251,10306,20557
1509041,TANAH SEPENGGAL LINTAS,10752,10451,21203
1509050,TANAH TUMBUH,6512,6686,13198
1509051,LIMBUR LUBUK MENGKUANG,7206,6861,14067
1509052,BATHIN II PELAYANG,4478,3951,8429
1509060,JUJUHAN,7586,7080,14666
1509061,JUJUHAN ILIR,4953,4676,9629
1571,KOTA JAMBI,266596,262522,529118
1571010,KOTA BARU,70405,67451,137856
1571020,JAMBI SELATAN,62147,61054,123201
1571030,JELUTUNG,30026,30115,60141
1571040,PASAR JAMBI,6299,6689,12988
1571050,TELANAIPURA,46059,46544,92603
1571060,DANAU TELUK,5868,5935,11803
1571070,PELAYANGAN,6640,6255,12895
1571080,JAMBI TIMUR,39152,38479,77631
1572,KOTA SUNGAI PENUH,40655,41134,81789
1572010,TANAH KAMPUNG,4148,4258,8406
1572020,KUMUN DEBAI,4214,4264,8478
1572030,SUNGAI PENUH,17388,17323,34711
1572040,HAMPARAN RAWANG,6228,6369,12597
1572050,PESISIR BUKIT,8677,8920,17597
1600,SUMATERA SELATAN,3789109,3657292,7446401
1601,OGAN KOMERING ULU,165955,157465,323420
1601052,LENGKITI,13224,12121,25345
1601070,SOSOH BUAY RAYAP,6177,5626,11803
1601080,PENGANDONAN,4563,4451,9014
1601081,SEMIDANG AJI,12770,11979,24749
1601082,ULU OGAN,4557,4143,8700
1601083,MUARA JAYA,3450,3154,6604
1601090,PENINJAUAN,20489,19213,39702
1601091,LUBUK BATANG,14056,13045,27101
1601092,SINAR PENINJAUAN,10640,9859,20499
1601130,BATURAJA TIMUR,45544,44847,90391
1601131,LUBUK RAJA,14192,13274,27466
1601140,BATURAJA BARAT,16293,15753,32046
1602,OGAN KOMERING ILIR,372649,354010,726659
1602010,LEMPUING,36622,34279,70901
1602011,LEMPUING JAYA,30919,28167,59086
1602020,MESUJI,20902,19612,40514
1602021,SUNGAI MENANG,24592,21792,46384
1602022,MESUJI MAKMUR,26926,24601,51527
1602023,MESUJI RAYA,17423,16282,33705
1602030,TULUNG SELAPAN,20809,19949,40758
1602031,CENGAL ,22557,20150,42707
1602040,PEDAMARAN,20170,20077,40247
1602041,PEDAMARAN TIMUR,10167,9758,19925
1602050,TANJUNG LUBUK,16335,15891,32226
1602051,TELUK GELAM,10880,10409,21289
1602060,KOTA KAYU AGUNG,31193,31109,62302
1602120,SIRAH PULAU PADANG,20742,20624,41366
1602121,JEJAWI,19069,19038,38107
1602130,PAMPANGAN,13821,13868,27689
1602131,PANGKALAN LAPAM,12794,13101,25895
1602140,AIR SUGIHAN,16728,15303,32031
1603,MUARA ENIM,363761,353956,717717
1603010,SEMENDO DARAT LAUT,7245,7430,14675
1603011,SEMENDO DARAT ULU,7882,7923,15805
1603012,SEMENDO DARAT TENGAH,4765,4913,9678
1603020,TANJUNG AGUNG,19375,18053,37428
1603031,RAMBANG,13919,13483,27402
1603032,LUBAI,27252,25550,52802
1603040,LAWANG KIDUL,31776,30676,62452
1603050,MUARA ENIM,31412,30476,61888
1603051,UJAN MAS,11849,11389,23238
1603060,GUNUNG MEGANG,28842,27665,56507
1603061,BENAKAT,4528,4236,8764
1603070,RAMBANG DANGKU,25324,24748,50072
1603080,TALANG UBI,34305,33171,67476
1603081,PENUKAL,13479,13509,26988
1603082,TANAH ABANG,13591,13567,27158
1603083,PENUKAL UTARA,10478,10357,20835
1603084,ABAB,11364,11656,23020
1603090,GELUMBANG,27330,26462,53792
1603091,LEMBAK,15467,15364,30831
1603092,SUNGAI ROTAN,14935,14939,29874
1603093,MUARA BELIDA,3862,3738,7600
1603094,KELEKAR,4781,4651,9432
1604,LAHAT,189213,180933,370146
1604011,TANJUNG SAKTI PUMI,7720,7312,15032
1604012,TANJUNG SAKTI PUMU,6917,6436,13353
1604040,KOTA AGUNG,6212,5771,11983
1604041,MULAK ULU,8594,7939,16533
1604042,TANJUNG TEBAT,4006,3737,7743
1604050,PULAU PINANG,5664,5344,11008
1604051,PAGAR GUNUNG,5944,5608,11552
1604052,GUMAY ULU,2688,2328,5016
1604060,JARAI,9893,9360,19253
1604061,PAJAR BULAN,9747,9156,18903
1604062,MUARA PAYANG ,4365,3975,8340
1604111,KIKIM BARAT,7547,7089,14636
1604112,KIKIM TIMUR,13280,12780,26060
1604113,KIKIM SELATAN,7563,7262,14825
1604114,KIKIM TENGAH,4184,4010,8194
1604120,LAHAT,51530,50925,102455
1604121,GUMAY TALANG,4973,4795,9768
1604122,PSEKSU,4076,3883,7959
1604131,MERAPI BARAT,10209,9553,19762
1604132,MERAPI TIMUR,10352,10087,20439
1604133,MERAPI SELATAN,3749,3583,7332
1605,MUSI RAWAS,268096,256823,524919
1605010,RAWAS ULU,15412,15586,30998
1605011,ULU RAWAS,5417,5344,10761
1605020,RUPIT,15758,15768,31526
1605021,KARANG JAYA,13996,13604,27600
1605030,SUKU TENGAH LAKITAN ULU,14749,14030,28779
1605031,SELANGIT,9099,8703,17802
1605032,SUMBER HARTA,8630,8271,16901
1605040,TUGU MULYO,21871,21210,43081
1605041,PURWODADI,7331,7145,14476
1605050,MUARA BELITI,11366,10983,22349
1605051,TIANG PUMPUNG KEPUNGUT,5877,5922,11799
1605060,JAYA LOKA,7455,6951,14406
1605061,SUKA KARYA,6653,6201,12854
1605070,MUARA KELINGI,18245,17072,35317
1605071,BULAN TENGAH SUKU ULU,13363,12541,25904
1605072,TUAH NEGERI,12902,12319,25221
1605080,MUARA LAKITAN,20218,18631,38849
1605090,MEGANG SAKTI,24917,23154,48071
1605100,RAWAS ILIR,14353,13814,28167
1605101,KARANG DAPO,8854,8852,17706
1605102,NIBUNG,11630,10722,22352
1606,MUSI BANYUASIN,289060,273524,562584
1606010,SANGA DESA,15190,14940,30130
1606020,BABAT TOMAN,26614,25909,52523
1606021,BATANGHARI LEKO,10985,10188,21173
1606022,PLAKAT TINGGI,11265,10750,22015
1606030,SUNGAI KERUH,20577,20059,40636
1606040,SEKAYU,40013,38921,78934
1606041,LAIS,26449,26038,52487
1606090,SUNGAI LILIN,44336,41885,86221
1606091,KELUANG,14501,13790,28291
1606100,BAYUNG LENCIR,59271,53215,112486
1606101,LALAN ,19859,17829,37688
1607,BANYUASIN,382894,366213,749107
1607010,RANTAU BAYUR,19211,19313,38524
1607020,BETUNG,34479,32691,67170
1607030,PULAU RIMAU,20062,18407,38469
1607031,TUNGKAL ILIR,12188,11221,23409
1607040,BANYUASIN III,43320,42709,86029
1607050,TALANG KELAPA,62092,60183,122275
1607051,TANJUNG LAGO,18328,17159,35487
1607060,BANYUASIN I,35781,34309,70090
1607070,RAMBUTAN,21284,20550,41834
1607080,MUARA PADANG,15431,14277,29708
1607081,MUARA SUGIHAN,19080,17736,36816
1607090,MAKARTI JAYA,16608,16088,32696
1607091,AIR SALEK,14898,13835,28733
1607100,BANYUASIN II,23190,21953,45143
1607110,MUARA TELANG,26942,25782,52724
1608,OGAN KOMERING ULU SELATAN,168339,150006,318345
1608010,MEKAKAU ILIR,9403,8422,17825
1608020,BANDING AGUNG,9747,8992,18739
1608021,WARKUK RANAU SELATAN,10943,9543,20486
1608022,BUAY PEMATANG RIBU RANAU TENG,10223,9174,19397
1608030,BUAY PEMACA,20918,16858,37776
1608040,SIMPANG,6827,6372,13199
1608041,BUANA PEMACA,6455,5672,12127
1608050,MUARADUA,20327,19291,39618
1608051,BUAY RAWAN,6545,5908,12453
1608060,BUAY SANDANG AJI,8483,7621,16104
1608061,TIGA DIHAJI,4868,4169,9037
1608070,BUAY RUNJUNG,5131,4559,9690
1608071,RUNJUNG AGUNG,5779,5225,11004
1608080,KISAM TINGGI,9365,7755,17120
1608090,MUARADUA KISAM,8678,7959,16637
1608091,KISAM ILIR,3705,3273,6978
1608100,PULAU BERINGIN,11691,10711,22402
1608101,SINDANG DANAU,4326,4152,8478
1608102,SUNGAI ARE,4925,4350,9275
1609,OGAN KOMERING ULU TIMUR,312147,297568,609715
1609010,MARTAPURA,24743,23383,48126
1609011,BUNGA MAYANG,8172,7757,15929
1609012,JAYA PURA,6214,5419,11633
1609020,BUAY PEMUKA PELIUNG,16146,15343,31489
1609030,BUAY MADANG,18095,17606,35701
1609031,BUAY MADANG TIMUR,27081,26417,53498
1609032,BUAY PEMUKA BANGSA RAJA ,5703,5351,11054
1609040,MADANG SUKU II,14415,14052,28467
1609041,MADANG SUKU III,12203,11379,23582
1609050,MADANG SUKU I,17737,16362,34099
1609051,BELITANG MADANG RAYA,20846,20085,40931
1609060,BELITANG,25521,24875,50396
1609061,BELITANG JAYA,9426,8775,18201
1609070,BELITANG III,16816,16081,32897
1609080,BELITANG II,20282,19479,39761
1609081,BELITANG MULYA,10028,9818,19846
1609090,SEMENDAWAI SUKU III,18790,17902,36692
1609091,SEMENDAWAI TIMUR,16898,15743,32641
1609100,CEMPAKA,13071,12129,25200
1609101,SEMENDAWAI BARAT,9960,9612,19572
1610,OGAN ILIR,190575,190286,380861
1610010,MUARA KUANG,8800,8650,17450
1610011,RAMBANG KUANG,10156,9710,19866
1610012,LUBUK KELIAT,8422,8117,16539
1610020,TANJUNG BATU,20763,21336,42099
1610021,PAYARAMAN,10876,10750,21626
1610030,RANTAU ALAI,5385,5326,10711
1610031,KANDIS,5153,5173,10326
1610040,TANJUNG RAJA,20730,20167,40897
1610041,RANTAU PANJANG,8232,8229,16461
1610042,SUNGAI PINANG,11868,11263,23131
1610050,PEMULUTAN,20413,20314,40727
1610051,PEMULUTAN SELATAN,7877,8521,16398
1610052,PEMULUTAN BARAT,6047,6388,12435
1610060,INDRALAYA,18295,19201,37496
1610061,INDRALAYA UTARA,17574,16825,34399
1610062,INDRALAYA SELATAN,9984,10316,20300
1611,EMPAT LAWANG,112946,107748,220694
1611010,MUARA PINANG,14819,14451,29270
1611020,LINTANG KANAN,12353,11522,23875
1611030,PENDOPO,24337,23333,47670
1611040,PASMA AIR KERUH,10355,9091,19446
1611050,ULU MUSI,16931,16410,33341
1611060,TALANG PADANG,5932,5697,11629
1611070,TEBING TINGGI,28219,27244,55463
1671,KOTA PALEMBANG,726328,726512,1452840
1671010,ILIR BARAT II,32094,31680,63774
1671011,GANDUS,29092,28196,57288
1671020,SEBERANG ULU I,81450,81783,163233
1671021,KERTAPATI,40531,39645,80176
1671030,SEBERANG ULU II,46575,46678,93253
1671031,PLAJU ,39659,39325,78984
1671040,ILIR BARAT I,62439,61580,124019
1671041,BUKIT KECIL,22231,21504,43735
1671050,ILIR TIMUR I,33592,35405,68997
1671051,KEMUNING,40283,41360,81643
1671060,ILIR TIMUR II,78692,79692,158384
1671061,KALIDONI,49653,49704,99357
1671070,SAKO,41098,41009,82107
1671071,SEMATANG BORANG,16092,15865,31957
1671080,SUKARAMI,69450,69783,139233
1671081,ALANG ALANG LEBAR,43397,43303,86700
1672,KOTA PRABUMULIH,81395,80419,161814
1672010,RAMBANG KAPAK TENGAH,5445,5428,10873
1672020,PRABUMULIH TIMUR,28640,28044,56684
1672021,PRABUMULIH SELATAN,8571,8412,16983
1672030,PRABUMULIH BARAT,14955,14750,29705
1672031,PRABUMULIH UTARA,15771,15889,31660
1672040,CAMBAI,8013,7896,15909
1673,KOTA PAGAR ALAM,64952,61411,126363
1673010,DEMPO SELATAN,6244,5464,11708
1673011,DEMPO TENGAH,6594,6001,12595
1673020,DEMPO UTARA,10331,9594,19925
1673030,PAGAR ALAM SELATAN,22834,22116,44950
1673040,PAGAR ALAM UTARA,18949,18236,37185
1674,KOTA LUBUKLINGGAU,100799,100418,201217
1674011,LUBUK LINGGAU BARAT I,15100,15422,30522
1674012,LUBUK LINGGAU BARAT II,10963,10307,21270
1674021,LUBUK LINGGAU SELATAN I,6995,6783,13778
1674022,LUBUK LINGGAU SELATAN II,13214,13214,26428
1674031,LUBUK LINGGAU TIMUR I,14983,15666,30649
1674032,LUBUK LINGGAU TIMUR II,15487,15411,30898
1674041,LUBUK LINGGAU UTARA I,7798,7518,15316
1674042,LUBUK LINGGAU UTARA II,16259,16097,32356
1700,BENGKULU,875663,837730,1713393
1701,BENGKULU SELATAN,71896,70826,142722
1701040,MANNA,6479,6594,13073
1701041,KOTA MANNA,13404,13533,26937
1701042,KEDURANG,5254,5031,10285
1701043,BUNGA MAS,2900,2906,5806
1701044,PASAR MANNA,8680,8799,17479
1701045,KEDURANG ILIR,3684,3521,7205
1701050,SEGINIM,7561,7367,14928
1701051,AIR NIPIS,5247,5046,10293
1701060,PINO,5634,5607,11241
1701061,PINORAYA,9322,8936,18258
1701062,ULU MANNA,3731,3486,7217
1702,REJANG LEBONG,125099,121279,246378
1702020,KOTA PADANG,6020,5791,11811
1702021,SINDANG BELITI ILIR,4323,4198,8521
1702030,PADANG ULAK TANDING,8865,8403,17268
1702031,SINDANG KELINGI,7155,6925,14080
1702032,BINDU RIANG,3967,3904,7871
1702033,SINDANG BELITI ULU,6043,5831,11874
1702034,SINDANG DATARAN,5338,4782,10120
1702040,CURUP,14210,13865,28075
1702041,BERMANI ULU ,5874,5614,11488
1702042,SELUPU REJANG,14131,13352,27483
1702043,CURUP SELATAN,9503,9236,18739
1702044,CURUP TENGAH,17203,17197,34400
1702045,BERMANI ULU RAYA,5126,4803,9929
1702046,CURUP UTARA,7235,7322,14557
1702047,CURUP TIMUR,10106,10056,20162
1703,BENGKULU UTARA,132756,125369,258125
1703010,ENGGANO,1457,1221,2678
1703050,KERKAP,11493,11496,22989
1703051,AIR NAPAL,5816,5694,11510
1703052,AIR BESI,5175,5092,10267
1703060,ARGA MAKMUR,23854,23413,47267
1703070,LAIS,8562,8516,17078
1703071,BATIK NAU,6064,5652,11716
1703072,GIRI MULYA,5851,5533,11384
1703080,PADANG JAYA,14004,13268,27272
1703090,KETAHUN,21019,18877,39896
1703091,NAPAL PUTIH,9449,8416,17865
1703100,PUTRI HIJAU,19085,17351,36436
99,LAINNYA,927,840,1767
1704,KAUR,55838,51789,107627
1704010,NASAL,8208,6971,15179
1704020,MAJE,6359,5416,11775
1704030,KAUR SELATAN,7151,6821,13972
1704031,TETAP,2993,2861,5854
1704040,KAUR TENGAH,2184,2184,4368
1704041,LUAS,2485,2336,4821
1704042,MUARA SAHUNG,2977,2579,5556
1704050,KINAL,2180,2091,4271
1704051,SEMIDANG GUMAY,2757,2643,5400
1704060,TANJUNG KEMUNING,5315,5194,10509
1704061,KELAM TENGAH,3090,2981,6071
1704070,KAUR UTARA,3268,3146,6414
1704071,PADANG GUCI HILIR,1825,1759,3584
1704072,LUNGKANG KULE,1647,1578,3225
1704073,PADANG GUCI HULU,3399,3229,6628
1705,SELUMA,88910,83891,172801
1705010,SEMIDANG ALAS MARAS,10575,10163,20738
1705020,SEMIDANG ALAS,7036,6484,13520
1705030,TALO,5333,5145,10478
1705031,ILIR TALO,6725,6396,13121
1705032,TALO KECIL,4753,4524,9277
1705033,ULU TALO,2515,2235,4750
1705040,SELUMA,4145,4161,8306
1705041,SELUMA SELATAN,5413,5153,10566
1705042,SELUMA BARAT,4001,3766,7767
1705043,SELUMA TIMUR ,4406,4437,8843
1705044,SELUMA UTARA,4079,3630,7709
1705050,SUKARAJA,15465,14258,29723
1705051,AIR PERIUKAN,9412,8921,18333
1705052,LUBUK SANDI,5052,4618,9670
1706,MUKOMUKO,81508,74804,156312
1706010,IPUH,8529,7806,16335
1706011,AIR RAMI,5325,4899,10224
1706012,MALIN DEMAN,3388,2976,6364
1706020,PONDOK SUGUH,5743,5283,11026
1706021,SUNGAI RUMBAI,3440,3132,6572
1706022,TERAMANG JAYA,5168,4705,9873
1706030,TERAS TERUNJAM,3596,3302,6898
1706031,PENARIK,10801,9718,20519
1706032,SELAGAN RAYA,4374,3956,8330
1706040,KOTA MUKOMUKO,7712,7323,15035
1706041,AIR DIKIT,2911,2704,5615
1706042,XIV KOTO,5805,5310,11115
1706050,LUBUK PINANG,6486,6082,12568
1706051,AIR MANJUNTO,4627,4266,8893
1706052,V KOTO,3603,3342,6945
1707,LEBONG,49693,47398,97091
1707010,RIMBO PENGADANG,2423,2249,4672
1707011,TOPOS,2925,2877,5802
1707020,LEBONG SELATAN,6875,6531,13406
1707021,BINGIN KUNING,4847,4738,9585
1707030,LEBONG TENGAH,5135,4949,10084
1707031,LEBONG SAKTI,4137,4050,8187
1707040,LEBONG ATAS,2266,2136,4402
1707041,PADANG BANO,1822,1360,3182
1707042,PELABAI,3121,2945,6066
1707050,LEBONG UTARA,7747,7549,15296
1707051,AMEN,3510,3347,6857
1707052,URAM JAYA,2543,2544,5087
1707053,PINANG BELAPIS,2342,2123,4465
1708,KEPAHIANG,64040,60971,125011
1708010,MUARA KEMUMU,6587,5872,12459
1708020,BERMANI ILIR,7058,6519,13577
1708030,SEBERANG MUSI,3415,2991,6406
1708040,TEBAT KARAI,6337,6127,12464
1708050,KEPAHIANG,20477,19997,40474
1708060,KABA WETAN,5463,5141,10604
1708070,UJAN MAS,9771,9520,19291
1708080,MERIGI,4932,4804,9736
1709,BENGKULU TENGAH,50551,48019,98570
1709010,TALANG EMPAT,6784,6184,12968
1709020,KARANG TINGGI ,5791,5410,11201
1709030,TABA PENANJUNG,5573,5425,10998
1709031,MERIGI KELINDANG,3204,3055,6259
1709040,PAGAR JATI,2837,2775,5612
1709041,MERIGI SAKTI,2921,2838,5759
1709050,PONDOK KELAPA,12932,12251,25183
1709051,PONDOK KUBANG,4114,3789,7903
1709060,PEMATANG TIGA,3376,3457,6833
1709061,BANG HAJI,3019,2835,5854
1771,KOTA BENGKULU,155372,153384,308756
1771010,SELEBAR,23351,22661,46012
1771011,KAMPUNG MELAYU,14485,13857,28342
1771020,GADING CEMPAKA,39404,39470,78874
1771021,RATU AGUNG,24711,24404,49115
1771022,RATU SAMBAN,12223,12610,24833
1771030,TELUK SEGARA,11668,12210,23878
1771031,SUNGAI SERUT,10988,10860,21848
1771040,MUARA BANGKA HULU,18542,17312,35854
1800,LAMPUNG,3905366,3690749,7596115
1801,LAMPUNG BARAT,222161,196399,418560
1801010,PESISIR SELATAN,11152,10268,21420
1801011,BENGKUNAT,3927,3519,7446
1801012,BENGKUNAT BELIMBING,12734,10901,23635
1801013,NGAMBUR,9184,8584,17768
1801020,PESISIR TENGAH,17871,16458,34329
1801021,KARYA PENGGAWA,7321,6553,13874
1801030,PESISIR UTARA,4941,4383,9324
1801031,LEMONG,7591,6568,14159
1801040,BALIK BUKIT,18178,16809,34987
1801041,SUKAU,14333,12594,26927
1801050,BELALAU,13982,11521,25503
1801051,SEKINCAU,20201,16549,36750
1801052,SUOH,23452,19122,42574
1801053,BATU BRAK,6644,6046,12690
1801060,SUMBER JAYA,21381,19645,41026
1801061,WAY TENONG,21877,20159,42036
1801062,GEDUNG SURIAN,7392,6720,14112
1802,TANGGAMUS,279355,255240,534595
1802010,WONOSOBO,17710,16378,34088
1802011,SEMAKA,17870,16349,34219
1802012,BANDAR NEGERI SEMUONG ,9625,8465,18090
1802020,KOTA AGUNG,20178,19088,39266
1802021,PEMATANG SAWA,8536,7079,15615
1802022,KOTA AGUNG TIMUR,9095,8554,17649
1802023,KOTA AGUNG BARAT,10925,9642,20567
1802030,PULAU PANGGUNG,16446,15350,31796
1802031,ULUBELU,19996,17510,37506
1802032,AIR NANINGAN,14451,12637,27088
1802040,TALANG PADANG,21895,21243,43138
1802041,SUMBEREJO,15842,14977,30819
1802042,GISTING,18497,17412,35909
1802043,GUNUNG ALIP,8929,8250,17179
1802050,PUGUNG,27061,25184,52245
1802101,BULOK,10230,9252,19482
1802110,CUKUH BALAK,11362,9734,21096
1802111,KELUMBAYAN,5680,4873,10553
1802112,LIMAU,9069,7872,16941
1802113,KELUMBAYAN BARAT,5958,5391,11349
1803,LAMPUNG SELATAN,468445,441544,909989
1803060,NATAR,87244,83667,170911
1803070,JATI AGUNG,53195,49423,102618
1803080,TANJUNG BINTANG,34795,33364,68159
1803081,TANJUNG SARI,13920,13202,27122
1803090,KATIBUNG,31588,29731,61319
1803091,MERBAU MATARAM,23858,22401,46259
1803092,WAY SULAN,10938,10322,21260
1803100,SIDOMULYO,29317,27682,56999
1803101,CANDIPURO,25795,24476,50271
1803102,WAY PANJI,8365,8186,16551
1803110,KALIANDA,42191,38500,80691
1803111,RAJABASA,10984,9782,20766
1803120,PALAS,27236,26093,53329
1803121,SRAGI,16111,15386,31497
1803130,PENENGAHAN,18428,17165,35593
1803131,KETAPANG,23710,22256,45966
1803132,BAKAUHENI,10770,9908,20678
1804,LAMPUNG TIMUR,487217,463357,950574
1804010,METRO KIBANG,10591,10235,20826
1804020,BATANGHARI,27399,27087,54486
1804030,SEKAMPUNG,30245,29360,59605
1804040,MARGATIGA,22344,21051,43395
1804050,SEKAMPUNG UDIK,34797,33117,67914
1804060,JABUNG,23900,22485,46385
1804061,PASIR SAKTI ,17691,16681,34372
1804062,WAWAY KARYA,17681,16790,34471
1804063,MARGA SEKAPUNG,13427,12695,26122
1804070,LABUHAN MARINGGAI,34005,31732,65737
1804071,MATARAM BARU,13650,13042,26692
1804072,BANDAR SRIBAWONO,23772,22286,46058
1804073,MELINTING,12749,11807,24556
1804074,GUNUNG PELINDUNG,10808,10194,21002
1804080,WAY JEPARA,26295,24624,50919
1804081,BRAJA SLEBAH,11220,10434,21654
1804082,LABUHAN RATU,21377,20095,41472
1804090,SUKADANA,33093,30983,64076
1804091,BUMI AGUNG,8531,8488,17019
1804092,BATANGHARI NUBAN,21040,19982,41022
1804100,PEKALONGAN,23031,22119,45150
1804110,RAMAN UTARA,18244,17465,35709
1804120,PURBOLINGGO,20297,19832,40129
1804121,WAY BUNGUR,11030,10773,21803
1805,LAMPUNG TENGAH,597867,572181,1170048
1805010,PADANG RATU,24296,23129,47425
1805011,SELAGAI LINGGA,16130,15103,31233
1805012,PUBIAN,20733,19798,40531
1805013,ANAK TUHA,17937,17241,35178
1805014,ANAK RATU AJI,7906,7463,15369
1805020,KALIREJO,32186,30624,62810
1805021,SENDANG AGUNG,18523,17454,35977
1805030,BANGUNREJO,28115,27077,55192
1805040,GUNUNG SUGIH,31360,30327,61687
1805041,BEKRI,12721,12308,25029
1805042,BUMI RATU NUBAN,14635,13854,28489
1805050,TRIMURJO,24834,23864,48698
1805060,PUNGGUR,18328,17571,35899
1805061,KOTA GAJAH,16046,15556,31602
1805070,SEPUTIH RAMAN,23051,22625,45676
1805080,TERBANGGI BESAR,54217,53266,107483
1805081,SEPUTIH AGUNG,23326,22590,45916
1805082,WAY PENGUBUAN,18685,18230,36915
1805090,TERUSAN NUNYAI,22591,21781,44372
1805100,SEPUTIH MATARAM,23254,22277,45531
1805101,BANDAR MATARAM,37972,34455,72427
1805110,SEPUTIH BANYAK,21106,20440,41546
1805111,WAY SEPUTIH,8587,8264,16851
1805120,RUMBIA,17296,16197,33493
1805121,BUMI NABUNG,15764,14999,30763
1805122,PUTRA RUMBIA,8908,8300,17208
1805130,SEPUTIH SURABAYA,22658,21609,44267
1805131,BANDAR SURABAYA,16702,15779,32481
1806,LAMPUNG UTARA ,297702,286223,583925
1806010,BUKIT KEMUNING,19750,18941,38691
1806011,ABUNG TINGGI,8205,7763,15968
1806020,TANJUNG RAJA,15303,14558,29861
1806030,ABUNG BARAT,9457,9098,18555
1806031,ABUNG TENGAH,7920,7500,15420
1806032,ABUNG KUNANG,4682,4636,9318
1806033,ABUNG PEKURUN,5794,5304,11098
1806040,KOTABUMI,26280,25612,51892
1806041,KOTABUMI UTARA,15385,14723,30108
1806042,KOTABUMI SELATAN,32068,32053,64121
1806050,ABUNG SELATAN,23782,23023,46805
1806051,ABUNG SEMULI,12047,11510,23557
1806052,BLAMBANGAN PAGAR,8870,8404,17274
1806060,ABUNG TIMUR,17181,16595,33776
1806061,ABUNG SURAKARTA,13521,13318,26839
1806070,SUNGKAI SELATAN,10849,10350,21199
1806071,MUARA SUNGKAI,7356,6850,14206
1806072,BUNGA MAYANG,16513,15485,31998
1806073,SUNGKAI BARAT,6064,5755,11819
1806074,SUNGKAI JAYA,5027,4812,9839
1806080,SUNGKAI UTARA,16651,15726,32377
1806081,HULU SUNGKAI,6974,6753,13727
1806082,SUNGKAI TENGAH,8023,7454,15477
1807,WAY KANAN,210061,196674,406735
1807010,BANJIT,21638,20339,41977
1807020,BARADATU,19192,18523,37715
1807021,GUNUNG LABUHAN,13647,13254,26901
1807030,KASUI,15139,14595,29734
1807031,REBANG TANGKAS,10415,9483,19898
1807040,BLAMBANGAN UMPU,28160,26658,54818
1807041,WAY TUBA,10589,9762,20351
1807042,NEGERI AGUNG,16917,15784,32701
1807050,BAHUGA,4913,4849,9762
1807051,BUAY BAHUGA,9854,9157,19011
1807052,BUMI AGUNG,12742,11839,24581
1807060,PAKUAN RATU,19795,17678,37473
1807061,NEGARA BATIN,17662,16009,33671
1807062,NEGERI BESAR,9398,8744,18142
1808,TULANG BAWANG,205996,191083,397079
1808030,BANJAR AGUNG,18117,17191,35308
1808031,BANJAR MARGO,19102,17492,36594
1808032,BANJAR BARU,6386,6029,12415
1808040,GEDUNG AJI,6252,5736,11988
1808041,PENAWAR AJI,8958,8103,17061
1808042,MERAKSA AJI ,6711,6198,12909
1808050,MENGGALA,20746,20157,40903
1808051,PENAWAR TAMA,13430,12376,25806
1808052,RAWA JITU SELATAN,15885,14673,30558
1808053,GEDUNG MENENG,19861,16779,36640
1808054,RAWA JITU TIMUR,14566,14483,29049
1808055,RAWA PITU,8573,7336,15909
1808056,GEDUNG AJI BARU,10879,9736,20615
1808057,DENTE TELADAS,30470,29062,59532
1808058,MENGGALA TIMUR,6060,5732,11792
1809,PESAWARAN,204934,192360,397294
1809010,PUNDUH PIDADA,13650,12269,25919
1809020,PADANG CERMIN,45922,42135,88057
1809030,KEDONDONG,30007,27484,57491
1809040,WAY LIMA,15359,14384,29743
1809050,GEDONG TATAAN,43386,42310,85696
1809060,NEGERI KATON,31157,29526,60683
1809070,TEGINENENG,25453,24252,49705
1810,PRINGSEWU,187440,177385,364825
1810010,PARDASUKA,16792,15481,32273
1810020,AMBARAWA,16500,15733,32233
1810030,PAGELARAN,30708,28193,58901
1810040,PRINGSEWU,38497,37538,76035
1810050,GADING REJO,35406,33420,68826
1810060,SUKOHARJO,22867,21846,44713
1810070,BANYUMAS,9830,9168,18998
1810080,ADI LUWIH,16840,16006,32846
1811,MESUJI,98159,89127,187286
1811010,WAY SERDANG,21333,19395,40728
1811020,SIMPANG PEMATANG,12050,11110,23160
1811030,PANCA JAYA,8068,7230,15298
1811040,TANJUNG RAYA,17638,16145,33783
1811050,MESUJI,10504,9543,20047
1811060,MESUJI TIMUR,15764,14104,29868
1811070,RAWA JITU UTARA,12802,11600,24402
1812,TULANG BAWANG BARAT,128831,121377,250208
1812010,TULANG BAWANG UDIK,15233,14675,29908
1812020,TUMIJAJAR,20549,19857,40406
1812030,TULANG BAWANG TENGAH,39357,37109,76466
1812040,PAGAR DEWA,2632,2526,5158
1812050,LAMBU KIBANG,11209,10541,21750
1812060,GUNUNG TERANG,15739,14349,30088
1812070,GUNUNG AGUNG,14602,13484,28086
1812080,WAY KENANGA ,9510,8836,18346
1871,KOTA BANDAR LAMPUNG,444373,435278,879651
1871010,TELUK BETUNG BARAT,30785,28850,59635
1871020,TELUK BETUNG SELATAN,46642,44613,91255
1871030,PANJANG,32358,30896,63254
1871040,TANJUNG KARANG TIMUR,44430,44045,88475
1871050,TELUK BETUNG UTARA,31391,30899,62290
1871060,TANJUNG KARANG PUSAT,35870,36797,72667
1871070,TANJUNG KARANG BARAT,32141,31307,63448
1871071,KEMILING,35427,35287,70714
1871080,KEDATON,43714,43673,87387
1871081,RAJABASA,23076,21592,44668
1871082,TANJUNG SENANG,20682,20509,41191
1871090,SUKARAME,35524,35355,70879
1871091,SUKABUMI,32333,31455,63788
1872,KOTA METRO,72825,72521,145346
1872011,METRO SELATAN,7074,7067,14141
1872012,METRO BARAT,12837,12471,25308
1872021,METRO TIMUR,17367,17573,34940
1872022,METRO PUSAT,22875,23134,46009
1872023,METRO UTARA,12672,12276,24948
1900,KEPULAUAN BANGKA BELITUNG,634783,588265,1223048
1901,BANGKA,144285,132908,277193
1901070,MENDO BARAT,22051,20241,42292
1901080,MERAWANG,13553,12509,26062
1901081,PUDING BESAR,8610,7765,16375
1901090,SUNGAI LIAT,42699,39964,82663
1901091,PEMALI,13032,12123,25155
1901092,BAKAM,8899,7767,16666
1901130,BELINYU,23023,21319,44342
1901131,RIAU SILIP,12418,11220,23638
1902,BELITUNG,80647,75277,155924
1902010,MEMBALONG,12554,11634,24188
1902060,TANJUNG PANDAN,44106,41868,85974
1902061,BADAU,6836,5939,12775
1902062,SIJUK,13878,12779,26657
1902063,SELAT NASIK,3273,3057,6330
1903,BANGKA BARAT,91201,83909,175110
1903010,KELAPA,15896,14660,30556
1903020,TEMPILANG,12520,11867,24387
1903030,MENTOK,23679,21719,45398
1903040,SIMPANG TERITIP,13733,12834,26567
1903050,JEBUS ,25373,22829,48202
1904,BANGKA TENGAH,84394,76681,161075
1904010,KOBA,18175,16558,34733
1904011,LUBUK BESAR,11925,10608,22533
1904020,PANGKALAN BARU,19454,18041,37495
1904021,NAMANG,7402,6592,13994
1904030,SUNGAI SELAN,15936,14110,30046
1904040,SIMPANG KATIS,11502,10772,22274
1905,BANGKA SELATAN,89417,83059,172476
1905010,PAYUNG,9648,8975,18623
1905011,PULAU BESAR,4370,3817,8187
1905020,SIMPANG RIMBA,10937,10231,21168
1905030,TOBOALI,33578,31513,65091
1905031,TUKAK SADAI,5162,4724,9886
1905040,AIR GEGAS,19614,18192,37806
1905050,LEPAR PONGOK,6108,5607,11715
1906,BELITUNG TIMUR,55361,51071,106432
1906010,DENDANG,4919,4394,9313
1906011,SIMPANG PESAK,3837,3555,7392
1906020,GANTUNG,11642,10806,22448
1906021,SIMPANG RENGGIANG,3467,3185,6652
1906030,MANGGAR,17226,16127,33353
1906031,DAMAR,5829,5258,11087
1906040,KELAPA KAMPIT,8441,7746,16187
1971,KOTA PANGKALPINANG,89478,85360,174838
1971010,RANGKUI,20388,19562,39950
1971020,BUKIT INTAN,21955,21366,43321
1971030,PANGKAL BALAM,21132,20016,41148
1971040,TAMAN SARI,6717,6429,13146
1971041,GERUNGGANG,19286,17987,37273
2100,KEPULAUAN RIAU,864333,821365,1685698
2101,KARIMUN,108902,103910,212812
2101010,MORO,9055,8473,17528
2101011,DURAI,3041,2787,5828
2101020,KUNDUR,16798,17047,33845
2101021,KUNDUR UTARA,8777,8253,17030
2101022,KUNDUR BARAT,8311,7828,16139
2101030,KARIMUN,21733,20849,42582
2101031,BURU,4603,4379,8982
2101032,MERAL,23478,21527,45005
2101033,TEBING,13106,12767,25873
2102,BINTAN,73677,68705,142382
2102040,TELUK BINTAN,4753,4190,8943
2102050,BINTAN UTARA,10651,10547,21198
2102051,TELUK SEBONG,8537,7438,15975
2102052,SERI KUALA LOBAM,8020,9629,17649
2102060,BINTAN TIMUR,20371,18809,39180
2102061,GUNUNG KIJANG,6538,5386,11924
2102062,MANTANG,2124,1770,3894
2102063,BINTAN PESISIR,4387,3641,8028
2102064,TOAPAYA,5722,4895,10617
2102070,TAMBELAN,2574,2400,4974
2103,NATUNA ,35870,33449,69319
2103030,MIDAI,2526,2489,5015
2103040,BUNGURAN BARAT,5583,5244,10827
2103041,BUNGURAN UTARA,1966,1841,3807
2103042,PULAU LAUT,1184,1016,2200
2103043,PULAU TIGA,2581,2241,4822
2103050,BUNGURAN TIMUR,12021,11209,23230
2103051,BUNGURAN TIMUR LAUT,2215,2081,4296
2103052,BUNGURAN TENGAH,1479,1351,2830
2103053,BUNGURAN SELATAN,1304,1231,2535
2103060,SERASAN,2290,2168,4458
2103061,SUBI,1301,1275,2576
2103062,SERASAN TIMUR,1420,1303,2723
2104,LINGGA,44251,41979,86230
2104010,SINGKEP BARAT,7472,7067,14539
2104020,SINGKEP,13498,13160,26658
2104030,LINGGA,8598,8034,16632
2104040,LINGGA UTARA,4978,4720,9698
2104050,SENAYANG,9705,8998,18703
2105,ANAMBAS,19464,18029,37493
2105010,JEMAJA,2880,2738,5618
2105020,JEMAJA TIMUR,1077,949,2026
2105030,SIANTAN SELATAN,1642,1537,3179
2105040,SIANTAN,5184,4777,9961
2105050,SIANTAN TIMUR,1706,1594,3300
2105060,SIANTAN TENGAH,1463,1310,2773
2105070,PALMATAK,5512,5124,10636
2171,KOTA BATAM,486404,463371,949775
2171010,BELAKANG PADANG,9146,8928,18074
2171020,BULANG,5114,4460,9574
2171030,GALANG,8367,6986,15353
2171040,SEI BEDUK,34886,45646,80532
2171041,SAGULUNG,80917,68025,148942
2171050,NONGSA,26713,23196,49909
2171051,BATAM KOTA,82122,81094,163216
2171060,SEKUPANG,51941,48691,100632
2171061,BATU AJI,67146,60858,128004
2171070,LUBUK BAJA,43266,42471,85737
2171080,BATU AMPAR,30952,27971,58923
2171081,BENGKONG,45834,45045,90879
2172,KOTA TANJUNGPINANG,95765,91922,187687
2172010,BUKIT BESTARI,27237,26560,53797
2172020,TANJUNGPINANG TIMUR,36489,34685,71174
2172030,TANJUNGPINANG KOTA,8721,8176,16897
2172040,TANJUNGPINANG BARAT,23318,22501,45819
3100,DKI JAKARTA,4859272,4728926,9588198
3101,KEPULAUAN SERIBU,10695,10376,21071
3101010,KEPULAUAN SERIBU SELATAN,4203,4126,8329
3101020,KEPULAUAN SERIBU UTARA,6492,6250,12742
3171,KOTA JAKARTA SELATAN,1039677,1017403,2057080
3171010,JAGAKARSA,158929,152555,311484
3171020,PASAR MINGGU,146186,141214,287400
3171030,CILANDAK,94091,94988,189079
3171040,PESANGGRAHAN,107714,103375,211089
3171050,KEBAYORAN LAMA,148478,145630,294108
3171060,KEBAYORAN BARU,70896,70926,141822
3171070,MAMPANG PRAPATAN,72687,68985,141672
3171080,PANCORAN,74345,73164,147509
3171090,TEBET,103937,105246,209183
3171100,SETIA BUDI,62414,61320,123734
3172,KOTA JAKARTA TIMUR,1368857,1318170,2687027
3172010,PASAR REBO,95640,92131,187771
3172020,CIRACAS,129123,123876,252999
3172030,CIPAYUNG,116569,112090,228659
3172040,MAKASAR,93932,91713,185645
3172050,KRAMAT JATI,137921,134243,272164
3172060,JATINEGARA ,137046,127855,264901
3172070,DUREN SAWIT,192047,189917,381964
3172080,CAKUNG,262212,240962,503174
3172090,PULO GADUNG,129796,131306,261102
3172100,MATRAMAN,74571,74077,148648
3173,KOTA JAKARTA PUSAT,453505,445378,898883
3173010,TANAH ABANG,74412,70890,145302
3173020,MENTENG,33262,34007,67269
3173030,SENEN,45493,45397,90890
3173040,JOHAR BARU,58964,57395,116359
3173050,CEMPAKA PUTIH,43053,40795,83848
3173060,KEMAYORAN,108896,106146,215042
3173070,SAWAH BESAR,49383,50808,100191
3173080,GAMBIR,40042,39940,79982
3174,JAKARTA BARAT,1162379,1116446,2278825
3174010,KEMBANGAN,136971,135109,272080
3174020,KEBON JERUK,168316,165107,333423
3174030,PALMERAH,102104,96871,198975
3174040,GROGOL PETAMBURAN,110042,113214,223256
3174050,TAMBORA,123287,113106,236393
3174060,TAMAN SARI,54732,54954,109686
3174070,CENGKARENG,264284,246514,510798
3174080,KALI DERES,202643,191571,394214
3175,JAKARTA UTARA,824159,821153,1645312
3175010,PENJARINGAN,152584,153767,306351
3175020,PADEMANGAN,76962,72634,149596
3175030,TANJUNG PRIOK,189757,185438,375195
3175040,KOJA,146761,141465,288226
3175050,KELAPA GADING,73103,81465,154568
3175060,CILINCING,184992,186384,371376
3200,JAWA BARAT,21876572,21145254,43021826
3201,BOGOR,2446251,2316958,4763209
3201010,NANGGUNG,44370,41113,85483
3201020,LEUWILIANG,58839,55244,114083
3201021,LEUWISADENG,37080,33800,70880
3201030,PAMIJAHAN,69079,64755,133834
3201040,CIBUNGBULANG,64967,60600,125567
3201050,CIAMPEA,75527,71081,146608
3201051,TENJOLAYA,28110,26660,54770
3201060,DRAMAGA,50995,49657,100652
3201070,CIOMAS,76027,72526,148553
3201071,TAMANSARI,47590,44309,91899
3201080,CIJERUK,41038,36985,78023
3201081,CIGOMBONG,45361,42984,88345
3201090,CARINGIN,58775,55348,114123
3201100,CIAWI,53067,49434,102501
3201110,CISARUA,58188,54147,112335
3201120,MEGAMENDUNG,50477,46058,96535
3201130,SUKARAJA,86748,82123,168871
3201140,BABAKAN MADANG,53343,49865,103208
3201150,SUKAMAKMUR,38310,35531,73841
3201160,CARIU,23244,22930,46174
3201161,TANJUNGSARI ,25474,24513,49987
3201170,JONGGOL,62690,60363,123053
3201180,CILEUNGSI,125043,120998,246041
3201181,KELAPA NUNGGAL,49176,46196,95372
3201190,GUNUNG PUTRI,155133,157549,312682
3201200,CITEUREUP,101316,96881,198197
3201210,CIBINONG,166455,160590,327045
3201220,BOJONG GEDE,121542,115834,237376
3201221,TAJUR HALANG,49714,47461,97175
3201230,KEMANG,47112,44628,91740
3201231,RANCA BUNGUR,25970,24183,50153
3201240,PARUNG,55449,52239,107688
3201241,CISEENG,50673,46848,97521
3201250,GUNUNG SINDUR,52844,49997,102841
3201260,RUMPIN,66981,61423,128404
3201270,CIGUDEG,61261,55712,116973
3201271,SUKAJAYA,29103,26570,55673
3201280,JASINGA,48170,44863,93033
3201290,TENJO,34202,31969,66171
3201300,PARUNG PANJANG,56808,52991,109799
3202,SUKABUMI,1191489,1147859,2339348
3202010,CIEMAS,24723,23413,48136
3202020,CIRACAP,24407,23080,47487
3202021,WALURAN,13492,12442,25934
3202030,SURADE,36529,35484,72013
3202031,CIBITUNG,12759,12329,25088
3202040,JAMPANG KULON,20835,20503,41338
3202041,CIMANGGU,11219,10906,22125
3202050,KALI BUNDER,13707,13390,27097
3202060,TEGAL BULEUD,17055,16315,33370
3202070,CIDOLOG,8838,8675,17513
3202080,SAGARANTEN,24042,23265,47307
3202081,CIDADAP,9525,9286,18811
3202082,CURUGKEMBAR,14644,13748,28392
3202090,PABUARAN,20254,19224,39478
3202100,LENGKONG,14908,14275,29183
3202110,PELABUHAN RATU,49136,47402,96538
3202111,SIMPENAN,24429,23800,48229
3202120,WARUNG KIARA,28230,26744,54974
3202121,BANTARGADUNG,18168,17157,35325
3202130,JAMPANG TENGAH,31715,30755,62470
3202131,PURABAYA,20107,19419,39526
3202140,CIKEMBAR,40056,38975,79031
3202150,NYALINDUNG,23732,22468,46200
3202160,GEGER BITUNG,18753,17660,36413
3202170,SUKARAJA,39467,37704,77171
3202171,KEBONPEDES,13805,13357,27162
3202172,CIREUNGHAS ,16027,15342,31369
3202173,SUKALARANG,21140,20133,41273
3202180,SUKABUMI,23556,22598,46154
3202190,KADUDAMPIT,26080,24137,50217
3202200,CISAAT,58613,55290,113903
3202201,GUNUNGGURUH,24591,23334,47925
3202210,CIBADAK,54794,52673,107467
3202211,CICANTAYAN,26903,25884,52787
3202212,CARINGIN,22100,20986,43086
3202220,NAGRAK,39536,38397,77933
3202221,CIAMBAR,19075,17477,36552
3202230,CICURUG,62035,61162,123197
3202240,CIDAHU,30657,29904,60561
3202250,PARAKAN SALAK,19749,19679,39428
3202260,PARUNG KUDA,33279,36055,69334
3202261,BOJONG GENTENG,17878,16995,34873
3202270,KALAPA NUNGGAL,22541,21864,44405
3202280,CIKIDANG,28747,27663,56410
3202290,CISOLOK,31753,30228,61981
3202291,CIKAKAK,19077,18171,37248
3202300,KABANDUNGAN,18823,18111,36934
3203,CIANJUR,1120550,1047964,2168514
3203010,AGRABINTA,18864,17882,36746
3203011,LELES,16490,15349,31839
3203020,SINDANGBARANG,26585,25061,51646
3203030,CIDAUN,32947,31522,64469
3203040,NARINGGUL,23153,21445,44598
3203050,CIBINONG,30128,27780,57908
3203051,CIKADU,17905,16986,34891
3203060,TANGGEUNG,22734,21264,43998
3203061,PASIRKUDA,17796,16619,34415
3203070,KADUPANDAK,24865,23658,48523
3203071,CIJATI,16574,16103,32677
3203080,TAKOKAK,25908,24872,50780
3203090,SUKANAGARA,24818,24166,48984
3203100,PAGELARAN,35303,32536,67839
3203110,CAMPAKA,32656,31051,63707
3203111,CAMPAKA MULYA,12137,11561,23698
3203120,CIBEBER,59875,55939,115814
3203130,WARUNGKONDANG,33488,31260,64748
3203131,GEKBRONG,26612,24541,51153
3203140,CILAKU,49803,46453,96256
3203150,SUKALUYU,36151,33333,69484
3203160,BOJONGPICUNG,36856,34106,70962
3203161,HAURWANGI,27753,25736,53489
3203170,CIRANJANG,38116,36235,74351
3203180,MANDE,35582,33493,69075
3203190,KARANGTENGAH ,69680,64607,134287
3203200,CIANJUR,81306,76934,158240
3203210,CUGENANG,52227,47291,99518
3203220,PACET,50344,46331,96675
3203221,CIPANAS,53929,49988,103917
3203230,SUKARESMI,41423,38299,79722
3203240,CIKALONGKULON,48542,45563,94105
3204,BANDUNG,1617513,1556986,3174499
3204010,CIWIDEY,36534,35356,71890
3204011,RANCABALI,23951,23433,47384
3204020,PASIRJAMBU,40354,38758,79112
3204030,CIMAUNG,36788,35772,72560
3204040,PANGALENGAN,69589,68560,138149
3204050,KERTASARI,32987,32251,65238
3204060,PACET,51788,48558,100346
3204070,IBUN,38194,36844,75038
3204080,PASEH,60501,57608,118109
3204090,CIKANCUNG,41479,39549,81028
3204100,CICALENGKA,54790,53159,107949
3204101,NAGREG,24743,23702,48445
3204110,RANCAEKEK,82148,82492,164640
3204120,MAJALAYA,77230,73081,150311
3204121,SOLOKAN,38196,36777,74973
3204130,CIPARAY,76272,73171,149443
3204140,BALEENDAH,112754,107661,220415
3204150,ARJASARI,45960,44280,90240
3204160,BANJARAN,57531,55458,112989
3204161,CANGKUANG,32349,31206,63555
3204170,PAMEUNGPEUK,34936,33695,68631
3204180,KATAPANG,55009,52796,107805
3204190,SOREANG,52737,50309,103046
3204191,KUTAWARINGIN,45346,42842,88188
3204250,MARGAASIH,67892,64431,132323
3204260,MARGAHAYU,60578,58898,119476
3204270,DAYEUHKOLOT,58059,55561,113620
3204280,BOJONGSOANG,52051,49560,101611
3204290,CILEUNYI,81082,78498,159580
3204300,CILENGKRANG,23255,22547,45802
3204310,CIMENYAN,52430,50173,102603
3205,GARUT,1216139,1185109,2401248
3205010,CISEWU,16690,16320,33010
3205011,CARINGIN,15036,14438,29474
3205020,TALEGONG,15426,15294,30720
3205030,BUNGBULANG,29985,29544,59529
3205031,MEKARMUKTI,7821,7780,15601
3205040,PAMULIHAN,8800,8767,17567
3205050,PAKENJENG ,33257,32442,65699
3205060,CIKELET,20640,20358,40998
3205070,PAMEUNGPEUK,19365,19496,38861
3205080,CIBALONG,20730,20422,41152
3205090,CISOMPET,25030,24706,49736
3205100,PEUNDEUY,11405,10971,22376
3205110,SINGAJAYA,22763,22634,45397
3205111,CIHURIP,9116,8787,17903
3205120,CIKAJANG,39402,38561,77963
3205130,BANJARWANGI,28615,27595,56210
3205140,CILAWU,50626,49379,100005
3205150,BAYONGBONG,47231,45880,93111
3205151,CIGEDUG,19388,18502,37890
3205160,CISURUPAN,48334,46645,94979
3205161,SUKARESMI,18758,18316,37074
3205170,SAMARANG,35896,35255,71151
3205171,PASIRWANGI,31599,30264,61863
3205181,TAROGONG KIDUL,54481,53342,107823
3205182,TAROGONG KALER,42802,41895,84697
3205190,GARUT KOTA,63846,62652,126498
3205200,KARANGPAWITAN,58735,57193,115928
3205210,WANARAJA,22026,22132,44158
3205211,SUCINARAJA,13246,12728,25974
3205212,PANGATIKAN,19510,18876,38386
3205220,SUKAWENING,24693,24991,49684
3205221,KARANG TENGAH,7991,8087,16078
3205230,BANYURESMI,42772,41216,83988
3205240,LELES,38532,37518,76050
3205250,LEUWIGOONG,21012,20482,41494
3205260,CIBATU,34372,33378,67750
3205261,KERSAMANAH,18119,17351,35470
3205270,CIBIUK,15608,14748,30356
3205280,KADUNGORA,44151,42382,86533
3205290,BLUBUR LIMBANGAN,38896,37469,76365
3205300,SELAAWI,18832,18309,37141
3205310,MALANGBONG,60602,58004,118606
3206,TASIKMALAYA,835052,840492,1675544
3206010,CIPATUJAH,31492,31288,62780
3206020,KARANGNUNGGAL,40089,40865,80954
3206030,CIKALONG,30443,31130,61573
3206040,PANCATENGAH,22286,22280,44566
3206050,CIKATOMAS,23860,23793,47653
3206060,CIBALONG,15191,15280,30471
3206061,PARUNGPONTENG,16606,16898,33504
3206070,BANTARKALONG,17247,16955,34202
3206071,BOJONGASIH,9429,9740,19169
3206072,CULAMEGA ,11326,11536,22862
3206080,BOJONGGAMBIR,19019,19337,38356
3206090,SODONGHILIR,30800,31775,62575
3206100,TARAJU,18433,19204,37637
3206110,SALAWU,28709,28704,57413
3206111,PUSPAHIANG,16220,16440,32660
3206120,TANJUNGJAYA,21043,21388,42431
3206130,SUKARAJA,24607,24235,48842
3206140,SALOPA,24256,24043,48299
3206141,JATIWARAS,23704,24150,47854
3206150,CINEAM,16294,16933,33227
3206151,KARANGJAYA,6070,6290,12360
3206160,MANONJAYA,30437,29695,60132
3206161,GUNUNGTANJUNG,13666,13752,27418
3206190,SINGAPARNA,32824,33036,65860
3206191,SUKARAME,19429,19599,39028
3206192,MANGUNREJA,18511,18529,37040
3206200,CIGALONTANG,34010,33544,67554
3206210,LEUWISARI,18165,18105,36270
3206211,SARIWANGI,14845,15442,30287
3206212,PADAKEMBANG,17555,17990,35545
3206221,SUKARATU,21857,21896,43753
3206230,CISAYONG,26229,26435,52664
3206231,SUKAHENING,14674,14639,29313
3206240,RAJAPOLAH,22316,22122,44438
3206250,JAMANIS,16068,16140,32208
3206260,CIAWI,28702,28900,57602
3206261,KADIPATEN,16626,16074,32700
3206270,PAGERAGEUNG,25689,25506,51195
3206271,SUKARESIK,16325,16824,33149
3207,CIAMIS,757729,773630,1531359
3207010,CIMERAK,21938,21538,43476
3207020,CIJULANG,12822,13568,26390
3207030,CIGUGUR,10499,10554,21053
3207040,LANGKAPLANCAR,23480,23272,46752
3207050,PARIGI,20549,21465,42014
3207060,SIDAMULIH,13189,13492,26681
3207070,PANGANDARAN,26072,25962,52034
3207080,KALIPUCANG,17774,17580,35354
3207090,PADAHERANG,30403,31238,61641
3207091,MANGUNJAYA,14146,14572,28718
3207100,BANJARSARI,51104,51978,103082
3207110,LAKBOK,17273,24513,41786
3207111,PURWADADI,23910,17738,41648
3207120,PAMARICAN,31514,32473,63987
3207130,CIDOLOG,9254,9456,18710
3207140,CIMARAGAS ,7461,7993,15454
3207150,CIJEUNGJING,24648,25558,50206
3207160,CISAGA,17698,18742,36440
3207170,TAMBAKSARI,10384,11140,21524
3207180,RANCAH,27300,28271,55571
3207190,RAJADESA,23908,24507,48415
3207200,SUKADANA,10953,11780,22733
3207210,CIAMIS,46533,46984,93517
3207211,BAREGBEG,20016,20361,40377
3207220,CIKONENG,24800,22268,47068
3207221,SINDANGKASIH,22472,24900,47372
3207230,CIHAURBEUTI,23342,23339,46681
3207240,SADANANYA,16636,16882,33518
3207250,CIPAKU,28396,30176,58572
3207260,JATINAGARA,13046,13022,26068
3207270,PANAWANGAN,23213,24318,47531
3207280,KAWALI,19284,19720,39004
3207281,LUMBUNG,14057,14151,28208
3207290,PANJALU,21576,21599,43175
3207291,SUKAMANTRI,10400,10474,20874
3207300,PANUMBANGAN,27679,28046,55725
3208,KUNINGAN,521556,516002,1037558
3208010,DARMA,22635,22603,45238
3208020,KADUGEDE,12068,12036,24104
3208021,NUSAHERANG,8654,8831,17485
3208030,CINIRU,8932,8751,17683
3208031,HANTARA,6511,6334,12845
3208040,SELAJAMBE,6334,6716,13050
3208050,SUBANG,7839,8208,16047
3208051,CILEBAK,5343,5506,10849
3208060,CIWARU,15214,14856,30070
3208061,KARANGKANCANA,10534,10012,20546
3208070,CIBINGBIN,18272,18210,36482
3208071,CIBEUREUM,9371,9513,18884
3208080,LURAGUNG,18217,18442,36659
3208081,CIMAHI,17801,17734,35535
3208090,CIDAHU,20090,19715,39805
3208091,KALIMANGGIS,11611,11635,23246
3208100,CIAWIGEBANG,41109,39760,80869
3208101,CIPICUNG,13159,12796,25955
3208110,LEBAKWANGI,20103,20043,40146
3208111,MALEBER,20526,20104,40630
3208120,GARAWANGI,20040,19224,39264
3208121,SINDANG AGUNG,17294,16786,34080
3208130,KUNINGAN,46351,44849,91200
3208140,CIGUGUR,21757,20631,42388
3208150,KRAMATMULYA,23052,22860,45912
3208160,JALAKSANA ,22782,22475,45257
3208161,JAPARA,9012,9347,18359
3208170,CILIMUS,22112,22514,44626
3208171,CIGANDAMEKAR,13859,13876,27735
3208180,MANDIRANCAN,9790,10356,20146
3208181,PANCALANG,10655,10811,21466
3208190,PASAWAHAN,10529,10468,20997
3209,CIREBON,1057501,1007641,2065142
3209010,WALED,26758,25833,52591
3209011,PASALEMAN,12529,12383,24912
3209020,CILEDUG,21333,20867,42200
3209021,PABUARAN,17195,16469,33664
3209030,LOSARI,28079,26022,54101
3209031,PABEDILAN,26555,24909,51464
3209040,BABAKAN,31808,30228,62036
3209041,GEBANG,29800,27745,57545
3209050,KARANGSEMBUNG,17462,16927,34389
3209051,KARANGWARENG,13511,13043,26554
3209060,LEMAHABANG,25518,25095,50613
3209061,SUSUKAN LEBAK,18681,18315,36996
3209070,SEDONG,20063,19358,39421
3209080,ASTANAJAPURA,38536,37037,75573
3209081,PANGENAN,22274,20559,42833
3209090,MUNDU,37586,35910,73496
3209100,BEBER,18351,18144,36495
3209101,GREGED,26065,24998,51063
3209111,TALUN,31869,30763,62632
3209120,SUMBER,41165,39749,80914
3209121,DUKUPUNTANG,30670,29620,60290
3209130,PALIMANAN,28095,27435,55530
3209140,PLUMBON,37760,35508,73268
3209141,DEPOK,28949,28111,57060
3209150,WERU,32799,31301,64100
3209151,PLERED,26046,25112,51158
3209161,TENGAH TANI,20351,19904,40255
3209162,KEDAWUNG,31009,31013,62022
3209171,GUNUNG JATI,39776,37936,77712
3209180,KAPETAKAN,27529,24271,51800
3209181,SURANENGGALA,21399,19982,41381
3209190,KLANGENAN,25760,25166,50926
3209191,JAMBLANG,17813,17397,35210
3209200,ARJAWINANGUN,32855,29893,62748
3209201,PANGURAGAN,21639,21036,42675
3209210,CIWARINGIN,20169,17908,38077
3209211,GEMPOL,22553,20758,43311
3209220,SUSUKAN,32298,29762,62060
3209230,GEGESIK ,36028,33400,69428
3209231,KALIWEDI,18865,17774,36639
3210,MAJALENGKA,582783,583950,1166733
3210010,LEMAHSUGIH,28491,28483,56974
3210020,BANTARUJEG,21200,21422,42622
3210021,MALAUSMA,20123,20839,40962
3210030,CIKIJING,30531,28943,59474
3210031,CINGAMBUL,17931,17693,35624
3210040,TALAGA,21797,21240,43037
3210041,BANJARAN,12172,12277,24449
3210050,ARGAPURA,16552,16866,33418
3210060,MAJA,24205,24246,48451
3210070,MAJALENGKA,34342,34880,69222
3210080,CIGASONG,17233,16710,33943
3210090,SUKAHAJI,19760,19837,39597
3210091,SINDANG,7175,7235,14410
3210100,RAJAGALUH,20595,20723,41318
3210110,SINDANGWANGI,15010,15140,30150
3210120,LEUWIMUNDING,26996,28676,55672
3210130,PALASAH,22264,23249,45513
3210140,JATIWANGI,41304,41228,82532
3210150,DAWUAN,21928,22549,44477
3210151,KASOKANDEL,22748,23121,45869
3210160,PANYINGKIRAN,14692,14911,29603
3210170,KADIPATEN,21828,21549,43377
3210180,KERTAJATI,21406,20871,42277
3210190,JATITUJUH,25568,25196,50764
3210200,LIGUNG,28252,28043,56295
3210210,SUMBERJAYA,28680,28023,56703
3211,SUMEDANG,546389,544934,1091323
3211010,JATINANGOR,53913,54062,107975
3211020,CIMANGGUNG,40147,40014,80161
3211030,TANJUNGSARI,38474,37560,76034
3211031,SUKASARI,15727,15326,31053
3211032,PAMULIHAN,27483,26807,54290
3211040,RANCAKALONG,18627,18649,37276
3211050,SUMEDANG SELATAN,37370,36464,73834
3211060,SUMEDANG UTARA,44377,43601,87978
3211061,GANEAS,11882,11508,23390
3211070,SITURAJA,17729,18064,35793
3211071,CISITU,12965,13142,26107
3211080,DARMARAJA,18292,18624,36916
3211090,CIBUGEL,10349,10273,20622
3211100,WADO,21620,21064,42684
3211101,JATINUNGGAL,20342,20560,40902
3211111,JATIGEDE ,11489,12205,23694
3211120,TOMO,11583,11980,23563
3211130,UJUNG JAYA,14343,14708,29051
3211140,CONGGEANG,14167,14625,28792
3211150,PASEH,17867,17986,35853
3211160,CIMALAKA,28397,27985,56382
3211161,CISARUA,9522,9504,19026
3211170,TANJUNGKERTA,16563,16651,33214
3211171,TANJUNGMEDAR,12100,11919,24019
3211180,BUAHDUA,15637,16276,31913
3211181,SURIAN,5424,5377,10801
3212,INDRAMAYU,856190,807326,1663516
3212010,HAURGEULIS,44914,43043,87957
3212011,GANTAR,30676,29911,60587
3212020,KROYA,31011,29409,60420
3212030,GABUSWETAN,27327,26494,53821
3212040,CIKEDUNG,19423,19146,38569
3212041,TERISI,27153,25424,52577
3212050,LELEA,23561,23262,46823
3212060,BANGODUA,13787,13206,26993
3212061,TUKDANA,25735,24301,50036
3212070,WIDASARI,17407,16023,33430
3212080,KERTASEMAYA,30404,29148,59552
3212081,SUKAGUMIWANG,18459,18284,36743
3212090,KRANGKENG,32192,30093,62285
3212100,KARANGAMPEL,31702,29311,61013
3212101,KEDOKAN BUNDER,22540,20840,43380
3212110,JUNTINYUAT,40155,35941,76096
3212120,SLIYEG,30117,27602,57719
3212130,JATIBARANG,35442,33155,68597
3212140,BALONGAN,19662,18288,37950
3212150,INDRAMAYU,54630,51673,106303
3212160,SINDANG,25115,23849,48964
3212161,CANTIGI,11699,10775,22474
3212162,PASEKAN,12205,11125,23330
3212170,LOHBENER,27580,26009,53589
3212171,ARAHAN,16145,15203,31348
3212180,LOSARANG,28347,26576,54923
3212190,KANDANGHAUR,43500,41259,84759
3212200,BONGAS,23464,22534,45998
3212210,ANJATAN,41359,39177,80536
3212220,SUKRA,22594,20360,42954
3212221,PATROL,27885,25905,53790
3213,SUBANG,737398,724958,1462356
3213010,SAGALAHERANG,14318,14403,28721
3213011,SERANG PANJANG ,11982,11950,23932
3213020,JALANCAGAK,20721,20745,41466
3213021,CIATER,13749,13648,27397
3213030,CISALAK,19145,19018,38163
3213031,KASOMALANG,19994,19456,39450
3213040,TANJUNGSIANG,21320,21072,42392
3213050,CIJAMBE,19316,19081,38397
3213060,CIBOGO,20131,19927,40058
3213070,SUBANG,60647,59136,119783
3213080,KALIJATI,29429,30228,59657
3213081,DAWUAN,18508,18895,37403
3213090,CIPEUNDEUY,22209,22269,44478
3213100,PABUARAN,29913,29821,59734
3213110,PATOKBEUSI,38760,37963,76723
3213120,PURWADADI,28064,30157,58221
3213130,CIKAUM,22563,23284,45847
3213140,PAGADEN,29403,29485,58888
3213141,PAGADEN BARAT,16724,17130,33854
3213150,CIPUNAGARA,30087,29480,59567
3213160,COMPRENG,22673,21376,44049
3213170,BINONG,22173,20814,42987
3213171,TAMBAKDAHAN,20687,19477,40164
3213180,CIASEM,51330,50117,101447
3213190,PAMANUKAN,28506,26515,55021
3213191,SUKASARI,20017,19338,39355
3213200,PUSAKANAGARA,19504,18429,37933
3213201,PUSAKAJAYA,22952,21504,44456
3213210,LOGONKULON,11442,10454,21896
3213220,BLANAKAN,31131,29786,60917
3214,PURWAKARTA,435307,416259,851566
3214010,JATILUHUR,31290,30522,61812
3214011,SUKASARI,7373,7031,14404
3214020,MANIIS,15933,15064,30997
3214030,TEGAL WARU,22889,21246,44135
3214040,PLERED,36595,34046,70641
3214050,SUKATANI,33270,30200,63470
3214060,DARANGDAN,30641,28975,59616
3214070,BOJONG,23218,21436,44654
3214080,WANAYASA,20162,18760,38922
3214081,KIARAPEDES,12392,11515,23907
3214090,PASAWAHAN,20646,19780,40426
3214091,PONDOK SALAM,13513,12765,26278
3214100,PURWAKARTA,83700,81875,165575
3214101,BABAKANCIKAO,23927,23318,47245
3214110,CAMPAKA,20024,20779,40803
3214111,CIBATU,13588,13209,26797
3214112,BUNGURSARI ,26146,25738,51884
3215,KARAWANG,1095202,1030032,2125234
3215010,PANGKALAN,17929,17312,35241
3215011,TEGALWARU,17847,16486,34333
3215020,CIAMPEL,19573,19764,39337
3215031,TELUKJAMBE TIMUR,66625,59406,126031
3215032,TELUKJAMBE BARAT,25189,23486,48675
3215040,KLARI,78753,75956,154709
3215050,CIKAMPEK,55102,52098,107200
3215051,PURWASARI,32083,31001,63084
3215060,TIRTAMULYA,22619,21552,44171
3215070,JATISARI,36933,35055,71988
3215071,BANYUSARI,26100,24947,51047
3215072,KOTABARU,61443,58076,119519
3215081,CILAMAYA WETAN,39008,36173,75181
3215082,CILAMAYA KULON,30953,28811,59764
3215090,LEMAHABANG,31148,29327,60475
3215100,TALAGASARI,31065,28910,59975
3215111,MAJALAYA,22698,21268,43966
3215112,KARAWANG TIMUR,61273,56110,117383
3215113,KARAWANG BARAT,79800,75744,155544
3215120,RAWAMERTA,25218,23496,48714
3215130,TEMPURAN,30375,28258,58633
3215140,KUTAWALUYA,28026,25576,53602
3215150,RENGASDENGKLOK,53692,50663,104355
3215151,JAYAKERTA,31292,28670,59962
3215160,PEDES,36660,33959,70619
3215161,CILEBAR,20544,18915,39459
3215170,CIBUAYA,24981,23633,48614
3215180,TIRTAJAYA,31955,29922,61877
3215190,BATUJAYA,37951,37461,75412
3215200,PAKISJAYA,18367,17997,36364
3216,BEKASI,1345500,1284051,2629551
3216010,SETU,56996,54698,111694
3216021,SERANG BARU,52770,51170,103940
3216022,CIKARANG PUSAT,28356,28139,56495
3216023,CIKARANG SELATAN,74340,69285,143625
3216030,CIBARUSAH,38318,36540,74858
3216031,BOJONGMANGU,12452,12423,24875
3216041,CIKARANG TIMUR,46965,44583,91548
3216050,KEDUNGWARINGIN,28453,27075,55528
3216061,CIKARANG UTARA,120805,109916,230721
3216062,KARANGBAHAGIA,46036,44414,90450
3216070,CIBITUNG,100129,95516,195645
3216071,CIKARANG BARAT,110385,100718,211103
3216081,TAMBUN SELATAN ,211498,205412,416910
3216082,TAMBUN UTARA,69087,67593,136680
3216090,BABELAN,106035,103340,209375
3216100,TARUMAJAYA,55748,53501,109249
3216110,TAMBELANG,17907,17462,35369
3216111,SUKAWANGI,21845,21241,43086
3216120,SUKATANI,35930,34249,70179
3216121,SUKAKARYA,21638,20748,42386
3216130,PEBAYURAN,47362,45100,92462
3216140,CABANGBUNGIN,24194,23666,47860
3216150,MUARA GEMBONG,18251,17262,35513
3217,BANDUNG BARAT,771729,741905,1513634
3217010,RONGGA,26176,25265,51441
3217020,GUNUNGHALU,35034,33405,68439
3217030,SINDANGKERTA,30842,30334,61176
3217040,CILILIN,41056,39133,80189
3217050,CIHAMPELAS,52992,49748,102740
3217060,CIPONGKOR,42024,39976,82000
3217070,BATUJAJAR,58025,56088,114113
3217080,CIPATAT,60781,58571,119352
3217090,PADALARANG,79945,76337,156282
3217100,NGAMPRAH,78198,76171,154369
3217110,PARONGPONG,49839,48238,98077
3217120,LEMBANG,89566,85721,175287
3217130,CISARUA,34159,32835,66994
3217140,CIKALONG WETAN,55223,53199,108422
3217150,CIPEUNDEUY,37869,36884,74753
3271,KOTA BOGOR,484648,464418,949066
3271010,BOGOR SELATAN,93203,87542,180745
3271020,BOGOR TIMUR,47984,46588,94572
3271030,BOGOR UTARA,86915,83405,170320
3271040,BOGOR TENGAH,52206,49997,102203
3271050,BOGOR BARAT,107072,103378,210450
3271060,TANAH SAREAL,97268,93508,190776
3272,KOTA SUKABUMI,152193,147054,299247
3272010,BAROS,14976,14396,29372
3272011,LEMBURSITU,17072,16724,33796
3272012,CIBEUREUM,17882,17012,34894
3272020,CITAMIANG,24147,23580,47727
3272030,WARUDOYONG,27341,25454,52795
3272040,GUNUNG PUYUH,22365,21290,43655
3272050,CIKOLE,28410,28598,57008
3273,KOTA BANDUNG,1213718,1179915,2393633
3273010,BANDUNG KULON,69564,68547,138111
3273020,BABAKAN CIPARAY ,73458,69562,143020
3273030,BOJONGLOA KALER,60313,56920,117233
3273040,BOJONGLOA KIDUL,43269,40358,83627
3273050,ASTANAANYAR,33469,33140,66609
3273060,REGOL,40126,40088,80214
3273070,LENGKONG,34160,34808,68968
3273080,BANDUNG KIDUL,28653,28457,57110
3273090,BUAHBATU,46401,45793,92194
3273100,RANCASARI,36346,35904,72250
3273101,GEDEBAGE,17179,17225,34404
3273110,CIBIRU,34368,33206,67574
3273111,PANYILEUKAN,19085,18795,37880
3273120,UJUNG BERUNG,36783,35398,72181
3273121,CINAMBO,12159,11625,23784
3273130,ARCAMANIK,33121,32095,65216
3273141,ANTAPANI,36266,35725,71991
3273142,MANDALAJATI,30802,29701,60503
3273150,KIARACONDONG,64232,63438,127670
3273160,BATUNUNGGAL,59866,57180,117046
3273170,SUMUR BANDUNG,17361,17069,34430
3273180,ANDIR,47949,46400,94349
3273190,CICENDO,48431,47672,96103
3273200,BANDUNG WETAN,14608,14872,29480
3273210,CIBEUNYING KIDUL,52961,51680,104641
3273220,CIBEUNYING KALER,35444,33903,69347
3273230,COBLONG,66791,60530,127321
3273240,SUKAJADI,52926,52458,105384
3273250,SUKASARI,39304,39873,79177
3273260,CIDADAP,28323,27493,55816
3274,KOTA CIREBON,148095,147669,295764
3274010,HARJAMUKTI,51371,50472,101843
3274020,LEMAHWUNGKUK,26751,25957,52708
3274030,PEKALIPAN,14279,14760,29039
3274040,KESAMBI,35089,34933,70022
3274050,KEJAKSAN,20605,21547,42152
3275,KOTA BEKASI,1182496,1153993,2336489
3275010,PONDOKGEDE,123952,122480,246432
3275011,JATISAMPURNA,51945,51549,103494
3275012,PONDOKMELATI,65226,63993,129219
3275020,JATIASIH,101056,98440,199496
3275030,BANTARGEBANG,50715,45242,95957
3275031,MUSTIKAJAYA,81084,79297,160381
3275040,BEKASI TIMUR,127027,121019,248046
3275041,RAWALUMBU,103642,103842,207484
3275050,BEKASI SELATAN,102088,101508,203596
3275060,BEKASI BARAT,137128,133441,270569
3275061,MEDAN SATRIA ,81792,79825,161617
3275070,BEKASI UTARA,156841,153357,310198
3276,KOTA DEPOK,879325,857240,1736565
3276010,SAWANGAN,63023,60333,123356
3276011,BOJONGSARI,50895,48873,99768
3276020,PANCORAN MAS,106322,103882,210204
3276021,CIPAYUNG,65160,62547,127707
3276030,SUKMA JAYA,116163,116732,232895
3276031,CILODONG,62724,60989,123713
3276040,CIMANGGIS,123136,119078,242214
3276041,TAPOS,109348,107233,216581
3276050,BEJI,83753,80929,164682
3276060,LIMO,44575,43040,87615
3276061,CINERE,54226,53604,107830
3277,KOTA CIMAHI,273900,267239,541139
3277010,CIMAHI SELATAN,116419,114122,230541
3277020,CIMAHI TENGAH,82704,80423,163127
3277030,CIMAHI UTARA,74777,72694,147471
3278,KOTA TASIKMALAYA,320859,313565,634424
3278010,KAWALU,42997,41265,84262
3278020,TAMANSARI,31997,31035,63032
3278030,CIBEUEREUM,30961,30339,61300
3278031,PURBARATU,19366,18714,38080
3278040,TAWANG,31595,31828,63423
3278050,CIHIDEUNG,36187,35055,71242
3278060,MANGKUBUMI,43110,41975,85085
3278070,INDIHIANG,23908,23641,47549
3278071,BUNGURSARI,22902,22778,45680
3278080,CIPEDES,37836,36935,74771
3279,KOTA BANJAR,87060,88105,175165
3279010,BANJAR,25906,26569,52475
3279020,PURWAHARJA,10219,10317,20536
3279030,PATARUMAN,26931,27304,54235
3279040,LANGENSARI,24004,23915,47919
3300,JAWA TENGAH,16081140,16299547,32380687
3301,CILACAP,823394,817637,1641031
3301010,DAYEUHLUHUR,22653,23799,46452
3301020,WANAREJA,46058,46844,92902
3301030,MAJENANG,61519,61226,122745
3301040,CIMANGGU,43960,45325,89285
3301050,KARANGPUCUNG,33429,34891,68320
3301060,CIPARI,26628,27103,53731
3301070,SIDAREJA,25969,26296,52265
3301080,KEDUNGREJA,36233,35455,71688
3301090,PATIMUAN,21373,21188,42561
3301100,GANDRUNGMANGU,44320,44324,88644
3301110,BANTARSARI,30789,29805,60594
3301120,KAWUNGANTEN,35240,34553,69793
3301121,KAMPUNG LAUT,6517,6126,12643
3301130,JERUKLEGI,29594,29391,58985
3301140,KESUGIHAN,54764,52568,107332
3301150,ADIPALA,38739,36579,75318
3301160,MAOS,19969,20440,40409
3301170,SAMPANG,18361,18240,36601
3301180,KROYA,47945,47289,95234
3301190,BINANGUN,27376,27300,54676
3301200,NUSAWUNGU ,33785,34267,68052
3301710,CILACAP SELATAN,40900,38546,79446
3301720,CILACAP TENGAH,42399,41872,84271
3301730,CILACAP UTARA,34874,34210,69084
3302,BANYUMAS,777568,776334,1553902
3302010,LUMBIR,21425,21919,43344
3302020,WANGON,36553,36465,73018
3302030,JATILAWANG,28349,28705,57054
3302040,RAWALO,22655,22607,45262
3302050,KEBASEN,28065,27653,55718
3302060,KEMRANJEN,31326,31009,62335
3302070,SUMPIUH,25014,24794,49808
3302080,TAMBAK,21075,20850,41925
3302090,SOMAGEDE,15765,16060,31825
3302100,KALIBAGOR,23206,22748,45954
3302110,BANYUMAS,22742,22831,45573
3302120,PATIKRAJA,25186,25144,50330
3302130,PURWOJATI,15374,15412,30786
3302140,AJIBARANG,45234,44627,89861
3302150,GUMELAR,22847,22219,45066
3302160,PEKUNCEN,31902,32508,64410
3302170,CILONGOK,54889,53908,108797
3302180,KARANGLEWAS,29005,28189,57194
3302190,KEDUNG BANTENG,26068,24996,51064
3302200,BATURRADEN,23446,23628,47074
3302210,SUMBANG,37527,37133,74660
3302220,KEMBARAN,36210,35926,72136
3302230,SOKARAJA,38357,38510,76867
3302710,PURWOKERTO SELATAN,35106,35353,70459
3302720,PURWOKERTO BARAT,24145,24899,49044
3302730,PURWOKERTO TIMUR,27929,29231,57160
3302740,PURWOKERTO UTARA,28168,29010,57178
3303,PURBALINGGA,420389,428934,849323
3303010,KEMANGKON,25702,26572,52274
3303020,BUKATEJA,32475,32944,65419
3303030,KEJOBONG,20592,21704,42296
3303040,PENGADEGAN,17352,17874,35226
3303050,KALIGONDANG,26717,28626,55343
3303060,PURBALINGGA,27074,28558,55632
3303070,KALIMANAH,24471,24866,49337
3303080,PADAMARA,18952,19748,38700
3303090,KUTASARI,27172,27123,54295
3303100,BOJONGSARI,27515,27105,54620
3303110,MREBET,32262,32744,65006
3303120,BOBOTSARI,23230,23410,46640
3303130,KARANGREJA ,19571,19566,39137
3303131,KARANGJAMBU,11817,11645,23462
3303140,KARANGANYAR,17108,17088,34196
3303141,KERTANEGARA,14798,15378,30176
3303150,KARANGMONCOL,24815,24994,49809
3303160,REMBANG,28766,28989,57755
3304,BANJARNEGARA,436074,433210,869284
3304010,SUSUKAN,25937,26266,52203
3304020,PURWOREJO KLAMPOK,19777,20305,40082
3304030,MANDIRAJA,31559,32204,63763
3304040,PURWANEGARA,33165,33873,67038
3304050,BAWANG,26667,26634,53301
3304060,BANJARNEGARA,31673,31242,62915
3304061,PAGEDONGAN,16946,16895,33841
3304070,SIGALUH,14343,13751,28094
3304080,MADUKARA,20290,19789,40079
3304090,BANJARMANGU,20193,19682,39875
3304100,WANADADI,14202,14504,28706
3304110,RAKIT,22833,23122,45955
3304120,PUNGGELAN,35826,35797,71623
3304130,KARANGKOBAR,14124,13617,27741
3304140,PANGENTAN,17287,16784,34071
3304150,PEJAWARAN,20126,19456,39582
3304160,BATUR,18532,17899,36431
3304170,WANAYASA,22710,21660,44370
3304180,KALIBENING,19898,19787,39685
3304181,PANDANARUM,9986,9943,19929
3305,KEBUMEN,577975,580853,1158828
3305010,AYAH,27133,26798,53931
3305020,BUAYAN,26653,26821,53474
3305030,PURING,26192,25840,52032
3305040,PETANAHAN,26381,25861,52242
3305050,KLIRONG,27044,26717,53761
3305060,BULUSPESANTREN,25751,25724,51475
3305070,AMBAL,27232,26819,54051
3305080,MIRIT,21774,21389,43163
3305081,BONOROWO,9078,9193,18271
3305090,PREMBUN,12783,13091,25874
3305091,PADURESO,6509,6658,13167
3305100,KUTOWINANGUN,20385,21184,41569
3305110,ALIAN,26754,26829,53583
3305111,PONCOWARNO,7109,7517,14626
3305120,KEBUMEN,59114,59413,118527
3305130,PEJAGOAN,23760,23284,47044
3305140,SRUWENG,26066,26572,52638
3305150,ADIMULYO ,16329,17132,33461
3305160,KUWARASAN,21747,21696,43443
3305170,ROWOKELE,20629,21080,41709
3305180,SEMPOR,28709,29469,58178
3305190,GOMBONG,22823,23801,46624
3305200,KARANGANYAR,16465,17045,33510
3305210,KARANGGAYAM,24174,23557,47731
3305220,SADANG,9011,8746,17757
3305221,KARANGSAMBUNG,18370,18617,36987
3306,PURWOREJO,342957,351447,694404
3306010,GRABAG,21138,21463,42601
3306020,NGOMBOL,15309,15405,30714
3306030,PURWODADI,18141,18305,36446
3306040,BAGELEN,14104,14554,28658
3306050,KALIGESING,14496,14676,29172
3306060,PURWOREJO,40688,42486,83174
3306070,BANYU URIP,19587,20362,39949
3306080,BAYAN,22274,23376,45650
3306090,KUTOARJO,28872,29231,58103
3306100,BUTUH,18970,19728,38698
3306110,PITURUH,22448,23240,45688
3306120,KEMIRI,25165,25489,50654
3306130,BRUNO,21558,21759,43317
3306140,GEBANG,19404,19756,39160
3306150,LOANO,17092,17269,34361
3306160,BENER,23711,24348,48059
3307,WONOSOBO,383232,371466,754698
3307010,WADASLINTANG,25440,25953,51393
3307020,KEPIL,28138,28050,56188
3307030,SAPURAN,27267,26572,53839
3307031,KALIBAWANG,11197,11029,22226
3307040,KALIWIRO,22033,21959,43992
3307050,LEKSONO,19906,19267,39173
3307051,SUKOHARJO,16081,15140,31221
3307060,SELOMERTO,22858,22011,44869
3307070,KALIKAJAR,29024,28348,57372
3307080,KERTEK,38997,37375,76372
3307090,WONOSOBO,41650,40879,82529
3307100,WATUMALANG,24833,23722,48555
3307110,MOJOTENGAH,30172,27981,58153
3307120,GARUNG,24649,23242,47891
3307130,KEJAJAR,20987,19938,40925
3308,MAGELANG,593949,587967,1181916
3308010,SALAMAN,32883,32969,65852
3308020,BOROBUDUR,27904,27698,55602
3308030,NGLUWAR ,14724,15133,29857
3308040,SALAM,22211,22244,44455
3308050,SRUMBUNG,22322,22460,44782
3308060,DUKUN,21384,21576,42960
3308070,MUNTILAN,37459,37380,74839
3308080,MUNGKID,34171,34498,68669
3308090,SAWANGAN,27203,26502,53705
3308100,CANDIMULYO,22841,22500,45341
3308110,MERTOYUDAN,51971,52790,104761
3308120,TEMPURAN,23468,22927,46395
3308130,KAJORAN,25971,25506,51477
3308140,KALIANGKRIK,26453,25892,52345
3308150,BANDONGAN,27583,26956,54539
3308160,WINDUSARI,23664,22634,46298
3308170,SECANG,37522,37399,74921
3308180,TEGALREJO,27744,25456,53200
3308190,PAKIS,26121,26121,52242
3308200,GRABAG,41221,40528,81749
3308210,NGABLAK,19129,18798,37927
3309,BOYOLALI,459200,472337,931537
3309010,SELO,14275,14124,28399
3309020,AMPEL,37407,38538,75945
3309030,CEPOGO,27010,27363,54373
3309040,MUSUK,27014,28109,55123
3309050,BOYOLALI,32204,33554,65758
3309060,MOJOSONGO,24723,25826,50549
3309070,TERAS,21121,22098,43219
3309080,SAWIT,14576,15143,29719
3309090,BANYUDONO,23644,24532,48176
3309100,SAMBI,19935,21045,40980
3309110,NGEMPLAK,40314,40824,81138
3309120,NOGOSARI,31605,31582,63187
3309130,SIMO,21875,22121,43996
3309140,KARANGGEDE,18778,18864,37642
3309150,KLEGO,19243,19985,39228
3309160,ANDONG,25985,27548,53533
3309170,KEMUSU,19320,19984,39304
3309180,WONOSEGORO,24323,25067,49390
3309190,JUWANGI,15848,16030,31878
3310,KLATEN,554715,575147,1129862
3310010,PRAMBANAN,22747,23538,46285
3310020,GANTIWARNO,16550,17139,33689
3310030,WEDI,22588,23817,46405
3310040,BAYAT,25763,27005,52768
3310050,CAWAS,24014,25733,49747
3310060,TRUCUK ,34266,34876,69142
3310070,KALIKOTES,15864,16416,32280
3310080,KEBONARUM,8530,9036,17566
3310090,JOGONALAN,26058,26625,52683
3310100,MANISRENGGO,18560,19501,38061
3310110,KARANGNONGKO,15718,16409,32127
3310120,NGAWEN,19833,20076,39909
3310130,CEPER,28585,29389,57974
3310140,PEDAN,20811,21426,42237
3310150,KARANGDOWO,18590,19471,38061
3310160,JUWIRING,26012,27181,53193
3310170,WONOSARI,28068,28889,56957
3310180,DELANGGU,19042,19870,38912
3310190,POLANHARJO,17554,18539,36093
3310200,KARANGANOM,19734,20593,40327
3310210,TULUNG,22076,22900,44976
3310220,JATINOM,25872,26507,52379
3310230,KEMALANG,16871,17091,33962
3310710,KLATEN SELATAN,20066,20500,40566
3310720,KLATEN TENGAH,19160,20320,39480
3310730,KLATEN UTARA,21783,22300,44083
3311,SUKOHARJO,408424,415376,823800
3311010,WERU,24046,25029,49075
3311020,BULU,14268,13505,27773
3311030,TAWANGSARI,23909,23861,47770
3311040,SUKOHARJO,43289,44652,87941
3311050,NGUTER,20771,21189,41960
3311060,BENDOSARI,25572,26364,51936
3311070,POLOKARTO,36437,36834,73271
3311080,MOJOLABAN,42787,43045,85832
3311090,GROGOL,63284,64274,127558
3311100,BAKI,33848,34398,68246
3311110,GATAK,23060,23552,46612
3311120,KARTASURA,57153,58673,115826
3312,WONOGIRI,452114,476573,928687
3312010,PRACIMANTORO,28006,30757,58763
3312020,PARANGGUPITO,7839,8706,16545
3312030,GIRITONTRO,9001,10235,19236
3312040,GIRIWOYO,17029,18834,35863
3312050,BATUWARNO,8169,8742,16911
3312060,KARANGTENGAH,10825,11175,22000
3312070,TIRTOMOYO,23911,24824,48735
3312080,NGUNTORONADI,11066,11506,22572
3312090,BATURETNO,21591,22878,44469
3312100,EROMOKO,19480,21061,40541
3312110,WURYANTORO,12234,13241,25475
3312120,MANYARAN ,16416,17623,34039
3312130,SELOGIRI,18684,19088,37772
3312140,WONOGIRI,38020,39115,77135
3312150,NGADIROJO,25928,27161,53089
3312160,SIDOHARJO,19188,20201,39389
3312170,JATIROTO,17047,18385,35432
3312180,KISMANTORO,17393,18077,35470
3312190,PURWANTORO,23572,24454,48026
3312200,BULUKERTO,14286,14570,28856
3312201,PUHPELEM,9124,9788,18912
3312210,SLOGOHIMO,21928,22991,44919
3312220,JATISRONO,27610,28576,56186
3312230,JATIPURNO,15171,15486,30657
3312240,GIRIMARTO,18596,19099,37695
3313,KARANGANYAR,402530,410629,813159
3313010,JATIPURO,13718,13437,27155
3313020,JATIYOSO,17467,17278,34745
3313030,JUMAPOLO,17278,16694,33972
3313040,JUMANTONO,19991,20406,40397
3313050,MATESIH,19001,19429,38430
3313060,TAWANGMANGU,21059,21244,42303
3313070,NGARGOYOSO,15341,15692,31033
3313080,KARANGPANDAN,18573,19192,37765
3313090,KARANGANYAR,36701,38027,74728
3313100,TASIKMADU,27463,28572,56035
3313110,JATEN,38542,39740,78282
3313120,COLOMADU,35014,36157,71171
3313130,GONDANGREJO,36293,36599,72892
3313140,KEBAKKRAMAT,28904,29817,58721
3313150,MOJOGEDANG,28928,29153,58081
3313160,KERJO,16189,16600,32789
3313170,JENAWI,12068,12592,24660
3314,SRAGEN,420173,436310,856483
3314010,KALIJAMBE,23835,23412,47247
3314020,PLUPUH,20307,21478,41785
3314030,MASARAN,34145,34601,68746
3314040,KEDAWUNG,28163,28828,56991
3314050,SAMBIREJO,17149,17878,35027
3314060,GONDANG,20143,21119,41262
3314070,SAMBUNG MACAN,21421,22543,43964
3314080,NGRAMPAL,18055,18567,36622
3314090,KARANGMALANG,30638,31481,62119
3314100,SRAGEN,32808,33900,66708
3314110,SIDOHARJO,24881,25840,50721
3314120,TANON,24577,25968,50545
3314130,GEMOLONG ,22217,23240,45457
3314140,MIRI,15740,16094,31834
3314150,SUMBERLAWANG,21143,22461,43604
3314160,MONDOKAN,16443,17058,33501
3314170,SUKODONO,13892,15184,29076
3314180,GESI,9351,10201,19552
3314190,TANGEN,12556,13008,25564
3314200,JENAR,12709,13449,26158
3315,GROBOGAN,648566,660026,1308592
3315010,KEDUNGJATI,19609,20044,39653
3315020,KARANGRAYUNG,43821,43690,87511
3315030,PENAWANGAN,28565,28735,57300
3315040,TOROH,51487,52548,104035
3315050,GEYER,29136,30974,60110
3315060,PULOKULON,48804,49642,98446
3315070,KRADENAN,36527,37571,74098
3315080,GABUS,33021,34430,67451
3315090,NGARINGAN,32256,31829,64085
3315100,WIROSARI,41222,41954,83176
3315110,TAWANGHARJO,26444,26380,52824
3315120,GROBOGAN,35551,35727,71278
3315130,PURWODADI,63437,65323,128760
3315140,BRATI,22069,22754,44823
3315150,KLAMBU,17009,16993,34002
3315160,GODONG,38476,38438,76914
3315170,GUBUG,37065,37821,74886
3315180,TEGOWANU,25170,25552,50722
3315190,TANGGUNGHARJO,18897,19621,38518
3316,BLORA,408853,420751,829604
3316010,JATI,22260,23030,45290
3316020,RANDUBLATUNG,36441,37453,73894
3316030,KRADENAN,19254,19423,38677
3316040,KEDUNGTUBAN,26808,27460,54268
3316050,CEPU,35519,36529,72048
3316060,SAMBONG,12257,12697,24954
3316070,JIKEN,18486,18903,37389
3316080,BOGOREJO,11616,11945,23561
3316090,JEPON,29117,29879,58996
3316100,KOTA BLORA,44501,46221,90722
3316110,BANJAREJO,28202,28716,56918
3316120,TUNJUNGAN,22116,22742,44858
3316130,JAPAH,16233,16802,33035
3316140,NGAWEN,27798,28160,55958
3316150,KUNDURAN,30541,31429,61970
3316160,TODANAN,27704,29362,57066
3317,REMBANG ,295236,296381,591617
3317010,SUMBER,16490,17121,33611
3317020,BULU,12741,13073,25814
3317030,GUNEM,11403,11352,22755
3317040,SALE,17773,17989,35762
3317050,SARANG,31395,28845,60240
3317060,SEDAN,25522,25576,51098
3317070,PAMOTAN,21946,22014,43960
3317080,SULANG,18232,18522,36754
3317090,KALIORI,19087,19549,38636
3317100,REMBANG,41252,42875,84127
3317110,PANCUR,13688,13506,27194
3317120,KRAGAN,29125,29087,58212
3317130,SLUKE,13153,13356,26509
3317140,LASEM,23429,23516,46945
3318,PATI,578046,612775,1190821
3318010,SUKOLILO,41641,42785,84426
3318020,KAYEN,33691,36439,70130
3318030,TAMBAKROMO,22909,24751,47660
3318040,WINONG,21749,27427,49176
3318050,PUCAKWANGI,19334,21812,41146
3318060,JAKEN,20265,21769,42034
3318070,BATANGAN,20066,20656,40722
3318080,JUWANA,44509,45497,90006
3318090,JAKENAN,18699,21509,40208
3318100,PATI,49775,53296,103071
3318110,GABUS,24045,27602,51647
3318120,MARGOREJO,26872,28750,55622
3318130,GEMBONG,21003,21088,42091
3318140,TLOGOWUNGU,24020,24993,49013
3318150,WEDARIJAKSA,28068,29158,57226
3318160,TRANGKIL,28816,30137,58953
3318170,MARGOYOSO,34604,35504,70108
3318180,GUNUNG WUNGKAL,17559,17391,34950
3318190,CLUWAK,20702,21485,42187
3318200,TAYU,31791,32529,64320
3318210,DUKUHSETI,27928,28197,56125
3319,KUDUS,383633,394321,777954
3319010,KALIWUNGU,45169,46247,91416
3319020,KOTA KUDUS,45153,47804,92957
3319030,JATI,48675,50740,99415
3319040,UNDAAN,34302,34788,69090
3319050,MEJOBO,34549,35259,69808
3319060,JEKULO,48836,50107,98943
3319070,BAE,32803,33607,66410
3319080,GEBOG ,46546,47349,93895
3319090,DAWE,47600,48420,96020
3320,JEPARA,547876,549282,1097158
3320010,KEDUNG,35249,35500,70749
3320020,PECANGAAN,38278,38889,77167
3320021,KALINYAMATAN,29016,29184,58200
3320030,WELAHAN,34215,35027,69242
3320040,MAYONG,41124,41777,82901
3320050,NALUMSARI,33817,34875,68692
3320060,BATEALIT,39002,38853,77855
3320070,TAHUNAN,51558,50067,101625
3320080,JEPARA,40051,39432,79483
3320090,MLONGGO,39440,38435,77875
3320091,PAKIS AJI,27572,27116,54688
3320100,BANGSRI,47017,46714,93731
3320101,KEMBANG,31890,32957,64847
3320110,KELING,28890,29499,58389
3320111,DONOROJO,26357,26625,52982
3320120,KARIMUNJAWA,4400,4332,8732
3321,DEMAK,525712,533226,1058938
3321010,MRANGGEN,79033,80069,159102
3321020,KARANGAWEN,40998,41605,82603
3321030,GUNTUR,36436,35815,72251
3321040,SAYUNG,49075,48551,97626
3321050,KARANG TENGAH,29519,29406,58925
3321060,BONANG,48236,47608,95844
3321070,DEMAK,47729,50593,98322
3321080,WONOSALAM,35875,36366,72241
3321090,DEMPET,25463,25695,51158
3321091,KEBONAGUNG,18721,18966,37687
3321100,GAJAH,21066,21953,43019
3321110,KARANGANYAR,33574,34425,67999
3321120,MIJEN,24496,25864,50360
3321130,WEDUNG,35491,36310,71801
3322,SEMARANG,457987,473054,931041
3322010,GETASAN,23658,24301,47959
3322020,TENGARAN,32604,31553,64157
3322030,SUSUKAN,21340,21809,43149
3322031,KALIWUNGU,12681,13621,26302
3322040,SURUH,29533,30055,59588
3322050,PABELAN,18551,18726,37277
3322060,TUNTANG,29751,30583,60334
3322070,BANYUBIRU,20147,20053,40200
3322080,JAMBU,18100,18448,36548
3322090,SOMOWONO ,14948,14716,29664
3322100,AMBARAWA,29039,29242,58281
3322101,BANDUNGAN,26341,26161,52502
3322110,BAWEN,26583,27276,53859
3322120,BRINGIN,20229,20753,40982
3322121,BANCAK,9713,10258,19971
3322130,PRINGAPUS,23467,26580,50047
3322140,BERGAS,31525,36456,67981
3322151,UNGARAN BARAT,36037,38018,74055
3322152,UNGARAN TIMUR,33740,34445,68185
3323,TEMANGGUNG,355568,352541,708109
3323010,PARAKAN,24555,24525,49080
3323011,KLEDUNG,12338,11953,24291
3323012,BANSARI,10945,10603,21548
3323020,BULU,22433,21676,44109
3323030,TEMANGGUNG,37415,38346,75761
3323031,TLOGOMULYO,10650,10524,21174
3323040,TEMBARAK,14051,13770,27821
3323041,SELOPAMPANG,8849,8842,17691
3323050,KRANGGAN,21292,21539,42831
3323060,PRINGSURAT,23259,22965,46224
3323070,KALORAN,19692,19932,39624
3323080,KANDANGAN,23226,22735,45961
3323090,KEDU,26848,26350,53198
3323100,NGADIREJO,25194,24774,49968
3323110,JUMO,13569,13627,27196
3323111,GEMAWANG,15416,15053,30469
3323120,CANDIROTO,14722,14861,29583
3323121,BEJEN,9528,9318,18846
3323130,TRETEP,9677,9386,19063
3323131,WONOBOYO,11909,11762,23671
3324,KENDAL,457237,443374,900611
3324010,PLANTUNGAN,14706,14145,28851
3324020,SUKOREJO,28866,28313,57179
3324030,PAGERRUYUNG,15916,15609,31525
3324040,PATEAN,23612,23192,46804
3324050,SINGOROJO,23621,23195,46816
3324060,LIMBANGAN,15516,15153,30669
3324070,BOJA,34723,34816,69539
3324080,KALIWUNGU,29904,28566,58470
3324081,KALIWUNGU SELATAN,22420,21997,44417
3324090,BRANGSONG,22660,21996,44656
3324100,PEGANDON,17315,16116,33431
3324101,NGAMPEL,16084,15022,31106
3324110,GEMUH,23348,22063,45411
3324111,RINGINARUM ,16986,14896,31882
3324120,WELERI,28195,27523,55718
3324130,ROWOSARI,23244,22941,46185
3324140,KANGKUNG,21037,21138,42175
3324150,CEPIRING,23978,23017,46995
3324160,PATEBON,27969,26730,54699
3324170,KOTA KENDAL,27137,26946,54083
3325,BATANG,352910,353105,706015
3325010,WONOTUNGGAL,15490,15465,30955
3325020,BANDAR,31835,31454,63289
3325030,BLADO,21027,20593,41620
3325040,REBAN,17651,17710,35361
3325050,BAWANG,25600,25233,50833
3325060,TERSONO,17822,17736,35558
3325070,GRINGSING,28109,27638,55747
3325080,LIMPUNG,19268,19352,38620
3325081,BANYUPUTIH,16281,16391,32672
3325090,SUBAH,23963,24486,48449
3325091,PECALUNGAN,14752,15218,29970
3325100,TULIS,16579,16774,33353
3325101,KANDEMAN,22410,22755,45165
3325110,BATANG,59237,59528,118765
3325120,WARUNGASEM,22886,22772,45658
3326,PEKALONGAN,417012,421242,838254
3326010,KANDANGSERANG,15809,15961,31770
3326020,PANINGGARAN,16929,17274,34203
3326030,LEBAKBARANG,5011,4876,9887
3326040,PETUNGKRIONO,5967,5890,11857
3326050,T A L U N,12849,12607,25456
3326060,D O R O,18515,18638,37153
3326070,KARANGANYAR,17669,18019,35688
3326080,K A J E N,28663,29407,58070
3326090,K E S E S I,30050,31241,61291
3326100,S R A G I,29894,30630,60524
3326101,SIWALAN,17896,19455,37351
3326110,B O J O N G,30987,31452,62439
3326120,WONOPRINGGO,20522,20780,41302
3326130,KEDUNGWUNI,45319,45299,90618
3326131,KARANGDADAP,16691,16718,33409
3326140,B U A R A N,21514,20872,42386
3326150,TIRTO,32714,32436,65150
3326160,WIRADESA,27801,28082,55883
3326161,WONOKERTO,22212,21605,43817
3327,PEMALANG,625642,636371,1262013
3327010,MOGA,30889,31408,62297
3327011,WARUNGPRING ,18759,19080,37839
3327020,PULOSARI,27001,27294,54295
3327030,BELIK,51374,51012,102386
3327040,WATUKUMPUL,31646,31857,63503
3327050,BODEH,26421,26619,53040
3327060,BANTARBOLANG,33672,36141,69813
3327070,RANDUDONGKAL,46916,48682,95598
3327080,PEMALANG,85888,87329,173217
3327090,TAMAN,77986,79312,157298
3327100,PETARUKAN,71195,72621,143816
3327110,AMPELGADING,31962,32749,64711
3327120,COMAL,42963,43037,86000
3327130,ULUJAMI,48970,49230,98200
3328,TEGAL,693287,698973,1392260
3328010,MARGASARI,46932,47485,94417
3328020,BUMIJAWA,41715,41659,83374
3328030,BOJONG,29869,31141,61010
3328040,BALAPULANG,40211,40881,81092
3328050,PAGERBARANG,25712,26087,51799
3328060,LEBAKSIU,40691,42368,83059
3328070,JATINEGARA,26471,26926,53397
3328080,KEDUNG BANTENG,19884,19806,39690
3328090,PANGKAH,49032,48985,98017
3328100,SLAWI,33694,35031,68725
3328110,DUKUHWARU,28611,29347,57958
3328120,ADIWERNA,59412,58548,117960
3328130,DUKUHTURI,44189,43455,87644
3328140,TALANG,48067,47737,95804
3328150,TARUB,38121,37611,75732
3328160,KRAMAT,50883,52013,102896
3328170,SURADADI,39952,40186,80138
3328180,WARUREJA,29841,29707,59548
3329,BREBES,872135,860584,1732719
3329010,SALEM,28242,28620,56862
3329020,BANTARKAWUNG,42720,44745,87465
3329030,BUMIAYU,47499,48437,95936
3329040,PAGUYANGAN,48655,47725,96380
3329050,SIRAMPOG,30692,30945,61637
3329060,TONJONG,32466,32681,65147
3329070,LARANGAN,69615,67068,136683
3329080,KETANGGUNGAN,66693,66974,133667
3329090,BANJARHARJO,59155,58808,117963
3329100,LOSARI,61242,58987,120229
3329110,TANJUNG,46500,44852,91352
3329120,KERSANA,28771,29032,57803
3329130,BULAKAMBA ,82334,79928,162262
3329140,WANASARI,71858,68634,140492
3329150,SONGGOM,34830,33294,68124
3329160,JATIBARANG,41867,41511,83378
3329170,BREBES,78996,78343,157339
3371,KOTA MAGELANG,58334,59982,118316
3371010,MAGELANG SELATAN,20058,19613,39671
3371011,MAGELANG TENGAH,20941,22115,43056
3371020,MAGELANG UTARA,17335,18254,35589
3372,KOTA SURAKARTA,243363,257279,500642
3372010,LAWEYAN,41912,44403,86315
3372020,SERENGAN,21246,22874,44120
3372030,PASAR KLIWON,36653,37492,74145
3372040,JEBRES,66848,71776,138624
3372050,BANJARSARI,76704,80734,157438
3373,KOTA SALATIGA,83721,87346,171067
3373010,ARGOMULYO,19902,20304,40206
3373020,TINGKIR,19891,20482,40373
3373030,SIDOMUKTI,18839,19925,38764
3373040,SIDOREJO,25089,26635,51724
3374,KOTA SEMARANG,762621,791157,1553778
3374010,MIJEN,28037,27744,55781
3374020,GUNUNG PATI,44373,44667,89040
3374030,BANYUMANIK,66487,69202,135689
3374040,GAJAH MUNGKUR,29078,29455,58533
3374050,SEMARANG SELATAN,33201,36684,69885
3374060,CANDISARI,37382,38650,76032
3374070,TEMBALANG,79335,80429,159764
3374080,PEDURUNGAN,88791,90107,178898
3374090,GENUK,46467,45839,92306
3374100,GAYAMSARI,35554,36216,71770
3374110,SEMARANG TIMUR,34605,40249,74854
3374120,SEMARANG UTARA,57477,60394,117871
3374130,SEMARANG TENGAH,27881,32294,60175
3374140,SEMARANG BARAT,75337,78809,154146
3374150,TUGU,14645,14593,29238
3374160,NGALIYAN,63971,65825,129796
3375,KOTA PEKALONGAN,141339,140798,282137
3375010,PEKALONGAN BARAT,44475,44485,88960
3375020,PEKALONGAN TIMUR,31365,31493,62858
3375030,PEKALONGAN SELATAN ,27892,27270,55162
3375040,PEKALONGAN UTARA,37607,37550,75157
3376,KOTA TEGAL,119368,122759,242127
3376010,TEGAL SELATAN,28888,28865,57753
3376020,TEGAL TIMUR,36853,39112,75965
3376030,TEGAL BARAT,30744,32135,62879
3376040,MARGADANA,22883,22647,45530
3400,DAERAH ISTIMEWA YOGYAKARTA,1705404,1746986,3452390
3401,KULON PROGO,190550,198205,388755
3401010,TEMON,11972,12490,24462
3401020,WATES,21560,22439,43999
3401030,PANJATAN,16262,17112,33374
3401040,GALUR,14392,14715,29107
3401050,LENDAH,18073,18337,36410
3401060,SENTOLO,22031,22481,44512
3401070,PENGASIH,21960,23202,45162
3401080,KOKAP,15369,15803,31172
3401090,GIRIMULYO,10692,11183,21875
3401100,NANGGULAN,13194,14027,27221
3401110,KALIBAWANG,12937,13869,26806
3401120,SAMIGALUH,12108,12547,24655
3402,BANTUL,453981,456591,910572
3402010,SRANDAKAN,14168,14414,28582
3402020,SANDEN,14551,15085,29636
3402030,KRETEK,14063,15072,29135
3402040,PUNDONG,15453,16150,31603
3402050,BAMBANGLIPURO,18414,18897,37311
3402060,PANDAK,23793,23881,47674
3402070,BANTUL,29458,29776,59234
3402080,JETIS ,25710,26217,51927
3402090,IMOGIRI,27755,28396,56151
3402100,DLINGO,17529,18013,35542
3402110,PLERET,21626,21559,43185
3402120,PIYUNGAN,24262,24384,48646
3402130,BANGUNTAPAN,60870,59253,120123
3402140,SEWON,52722,51446,104168
3402150,KASIHAN,55320,55107,110427
3402160,PAJANGAN,16282,16528,32810
3402170,SEDAYU,22005,22413,44418
3403,GUNUNG KIDUL,326227,348181,674408
3403010,PANGGANG,12746,13757,26503
3403011,PURWOSARI,9246,10071,19317
3403020,PALIYAN,13983,15108,29091
3403030,SAPTOSARI,16523,17728,34251
3403040,TEPUS,15181,16697,31878
3403041,TANJUNGSARI,12330,13315,25645
3403050,RONGKOP,12964,13915,26879
3403051,GIRISUBO,10511,11610,22121
3403060,SEMANU,24920,26751,51671
3403070,PONJONG,24057,25625,49682
3403080,KARANGMOJO,23477,25200,48677
3403090,WONOSARI,38476,40247,78723
3403100,PLAYEN,26301,28083,54384
3403110,PATUK,14820,15553,30373
3403120,GEDANGSARI,17228,17920,35148
3403130,NGLIPAR,14422,15268,29690
3403140,NGAWEN,15345,16159,31504
3403150,SEMIN,23697,25174,48871
3404,SLEMAN,545980,544587,1090567
3404010,MOYUDAN,15071,15695,30766
3404020,MINGGIR,14233,15014,29247
3404030,SEYEGAN,22292,22741,45033
3404040,GODEAN,32876,32993,65869
3404050,GAMPING,48697,48311,97008
3404060,MLATI,51861,49357,101218
3404070,DEPOK,92552,86971,179523
3404080,BERBAH,25107,25651,50758
3404090,PRAMBANAN,23000,23837,46837
3404100,KALASAN,37738,38380,76118
3404110,NGEMPLAK,29148,29675,58823
3404120,NGAGLIK,50946,50667,101613
3404130,SLEMAN,30752,31815,62567
3404140,TEMPEL,24406,24897,49303
3404150,TURI,16381,16671,33052
3404160,PAKEM,17111,17544,34655
3404170,CANGKRINGAN ,13809,14368,28177
3471,KOTA YOGYAKARTA,188666,199422,388088
3471010,MANTRIJERON,15167,16096,31263
3471020,KRATON,8302,9148,17450
3471030,MERGANGSAN,14347,14952,29299
3471040,UMBULHARJO,36994,39683,76677
3471050,KOTAGEDE,15526,15586,31112
3471060,GONDOKUSUMAN,21820,23270,45090
3471070,DANUREJAN,8975,9314,18289
3471080,PAKUALAMAN,4511,4802,9313
3471090,GONDOMANAN,6071,6936,13007
3471100,NGAMPILAN,7567,8740,16307
3471110,WIROBRAJAN,12536,12251,24787
3471120,GEDONG TENGEN,8150,9015,17165
3471130,JETIS,11452,11988,23440
3471140,TEGALREJO,17248,17641,34889
3500,JAWA TIMUR,18488290,18987721,37476011
3501,PACITAN,263919,276597,540516
3501010,DONOROJO,16602,18380,34982
3501020,PUNUNG,16159,17766,33925
3501030,PRINGKUKU,14130,15542,29672
3501040,PACITAN,35513,37507,73020
3501050,KEBONAGUNG,20690,21921,42611
3501060,ARJOSARI,18820,19841,38661
3501070,NAWANGAN,22424,23452,45876
3501080,BANDAR,20806,20981,41787
3501090,TEGALOMBO,23659,24420,48079
3501100,TULAKAN,38216,39057,77273
3501110,NGADIROJO,21927,22723,44650
3501120,SUDIMORO,14973,15007,29980
3502,PONOROGO,427365,427513,854878
3502010,NGRAYUN,27763,27747,55510
3502020,SLAHUNG,24218,25050,49268
3502030,BUNGKAL,16842,17413,34255
3502040,SAMBIT,17647,17922,35569
3502050,SAWOO,26746,27759,54505
3502060,SOOKO,10899,10986,21885
3502061,PUDAK,4402,4497,8899
3502070,PULUNG ,22978,22972,45950
3502080,MLARAK,20236,15870,36106
3502090,SIMAN,21203,20406,41609
3502100,JETIS,14033,14774,28807
3502110,BALONG,20325,21213,41538
3502120,KAUMAN,19769,20288,40057
3502130,JAMBON,19119,19758,38877
3502140,BADEGAN,14494,14624,29118
3502150,SAMPUNG,17730,18055,35785
3502160,SUKOREJO,25223,24406,49629
3502170,PONOROGO,36798,37556,74354
3502180,BABADAN,31361,31206,62567
3502190,JENANGAN,25884,25604,51488
3502200,NGEBEL,9695,9407,19102
3503,TRENGGALEK,334769,339752,674521
3503010,PANGGUL,34088,35114,69202
3503020,MUNJUNGAN,23605,23380,46985
3503030,WATULIMO,31999,30605,62604
3503040,KAMPAK,17705,17834,35539
3503050,DONGKO,30148,29192,59340
3503060,PULE,25362,25499,50861
3503070,KARANGAN,22026,23378,45404
3503071,SURUH,12213,12358,24571
3503080,GANDUSARI,24301,25105,49406
3503090,DURENAN,24518,24494,49012
3503100,POGALAN,23375,24528,47903
3503110,TRENGGALEK,30554,32028,62582
3503120,TUGU,22340,23397,45737
3503130,BENDUNGAN,12535,12840,25375
3504,TULUNGAGUNG,482609,507212,989821
3504010,BESUKI,16965,16942,33907
3504020,BANDUNG,20425,21750,42175
3504030,PAKEL,23208,24642,47850
3504040,CAMPUR DARAT,26762,26891,53653
3504050,TANGGUNG GUNUNG,11331,12006,23337
3504060,KALIDAWIR,29190,34346,63536
3504070,PUCANG LABAN,10438,11402,21840
3504080,REJOTANGAN,33765,36333,70098
3504090,NGUNUT,35890,38773,74663
3504100,SUMBERGEMPOL,30565,33205,63770
3504110,BOYOLANGU,37517,38980,76497
3504120,TULUNGAGUNG,31610,33527,65137
3504130,KEDUNGWARU,42392,42845,85237
3504140,NGANTRU,26018,26185,52203
3504150,KARANGREJO,19400,20105,39505
3504160,KAUMAN ,24325,24821,49146
3504170,GONDANG,26606,27646,54252
3504180,PAGER WOJO,14815,15095,29910
3504190,SENDANG,21387,21718,43105
3505,BLITAR,559219,556791,1116010
3505010,BAKUNG,12240,12779,25019
3505020,WONOTIRTO,17798,17465,35263
3505030,PANGGUNGREJO,20330,20331,40661
3505040,WATES,13834,13833,27667
3505050,BINANGUN,21383,21315,42698
3505060,SUTOJAYAN,23172,23709,46881
3505070,KADEMANGAN,31712,31666,63378
3505080,KANIGORO,36877,36114,72991
3505090,TALUN,29411,29716,59127
3505100,SELOPURO,19933,19282,39215
3505110,KESAMBEN,23959,24522,48481
3505120,SELOREJO,17122,17557,34679
3505130,DOKO,18802,18789,37591
3505140,WLINGI,24970,24861,49831
3505150,GANDUSARI,33464,32881,66345
3505160,GARUM,31297,30745,62042
3505170,NGLEGOK,33937,33517,67454
3505180,SANANKULON,26358,26342,52700
3505190,PONGGOK,48962,47791,96753
3505200,SRENGAT,30849,31086,61935
3505210,WONODADI,22858,23019,45877
3505220,UDANAWU,19951,19471,39422
3506,KEDIRI,752233,746570,1498803
3506010,MOJO,37558,36069,73627
3506020,SEMEN,25220,24857,50077
3506030,NGADILUWIH,36611,36859,73470
3506040,KRAS,28004,28384,56388
3506050,RINGINREJO,25353,24632,49985
3506060,KANDAT,28087,28116,56203
3506070,WATES,41992,41636,83628
3506080,NGANCAR,22712,22307,45019
3506090,PLOSOKLATEN,34165,33463,67628
3506100,GURAH,39177,37808,76985
3506110,PUNCU,29407,28864,58271
3506120,KEPUNG,41622,39037,80659
3506130,KANDANGAN,23294,23703,46997
3506140,PARE,49104,49370,98474
3506141,BADAS,29884,29406,59290
3506150,KUNJANG,16712,17034,33746
3506160,PLEMAHAN,27820,28126,55946
3506170,PURWOASRI ,26525,27945,54470
3506180,PAPAR,24033,24567,48600
3506190,PAGU,18301,18389,36690
3506191,KAYEN KIDUL,21532,21889,43421
3506200,GAMPENGREJO,16165,15717,31882
3506201,NGASEM,30922,31072,61994
3506210,BANYAKAN,26955,27232,54187
3506220,GROGOL,22365,22030,44395
3506230,TAROKAN,28713,28058,56771
3507,MALANG,1227880,1215729,2443609
3507010,DONOMULYO,31131,30594,61725
3507020,KALIPARE,30197,30370,60567
3507030,PAGAK,22248,22980,45228
3507040,BANTUR,34126,33960,68086
3507050,GEDANGAN,26661,25264,51925
3507060,SUMBERMANJING,45767,43911,89678
3507070,DAMPIT,59298,59119,118417
3507080,TIRTO YUDO,30196,29536,59732
3507090,AMPELGADING,26607,26097,52704
3507100,PONCOKUSUMO,46321,45420,91741
3507110,WAJAK,40100,39452,79552
3507120,TUREN,56254,55517,111771
3507130,BULULAWANG,34143,34258,68401
3507140,GONDANGLEGI,40579,40722,81301
3507150,PAGELARAN,32815,32667,65482
3507160,KEPANJEN,50843,51708,102551
3507170,SUMBER PUCUNG,25439,25941,51380
3507180,KROMENGAN,18634,19239,37873
3507190,NGAJUM,23820,24239,48059
3507200,WONOSARI,19965,20799,40764
3507210,WAGIR,40566,39513,80079
3507220,PAKISAJI,41045,41267,82312
3507230,TAJINAN,25978,25925,51903
3507240,TUMPANG,37135,37254,74389
3507250,PAKIS,67697,66684,134381
3507260,JABUNG,36370,35148,71518
3507270,LAWANG,51473,51726,103199
3507280,SINGOSARI,82883,81939,164822
3507290,KARANGPLOSO,37988,37061,75049
3507300,DAU,34565,33097,67662
3507310,PUJON,33483,31834,65317
3507320,NGANTANG,28306,27604,55910
3507330,KASEMBON,15247,14884,30131
3508,LUMAJANG,490490,516073,1006563
3508010,TEMPURSARI,14181,14333,28514
3508020,PRONOJIWO ,15774,16366,32140
3508030,CANDIPURO,30618,31609,62227
3508040,PASIRIAN,41062,42772,83834
3508050,TEMPEH,38392,40474,78866
3508060,LUMAJANG,38976,41259,80235
3508061,SUMBERSUKO,16355,17487,33842
3508070,TEKUNG,15910,16535,32445
3508080,KUNIR,25069,26606,51675
3508090,YOSOWILANGUN,27513,29082,56595
3508100,ROWOKANGKUNG,16662,17477,34139
3508110,JATIROTO,22174,22952,45126
3508120,RANDUAGUNG,29649,31238,60887
3508130,SUKODONO,24555,25793,50348
3508140,PADANG,16777,17947,34724
3508150,PASRUJAMBE,17002,17816,34818
3508160,SENDURO,21129,21612,42741
3508170,GUCIALIT,11359,12079,23438
3508180,KEDUNGJAJANG,20825,22700,43525
3508190,KLAKAH,24723,26347,51070
3508200,RANUYOSO,21785,23589,45374
3509,JEMBER,1151906,1194592,2346498
3509010,KENCONG,32209,33381,65590
3509020,GUMUK MAS,39126,40599,79725
3509030,PUGER,57103,58042,115145
3509040,WULUHAN,57884,57583,115467
3509050,AMBULU,52781,52928,105709
3509060,TEMPUREJO,35576,35575,71151
3509070,SILO,51425,53069,104494
3509080,MAYANG,23743,25010,48753
3509090,MUMBULSARI,30670,32097,62767
3509100,JENGGAWAH,39978,41505,81483
3509110,AJUNG,37256,37650,74906
3509120,RAMBIPUJI,38689,40541,79230
3509130,BALUNG,38241,39087,77328
3509140,UMBULSARI,34500,35304,69804
3509150,SEMBORO,21495,22678,44173
3509160,JOMBANG,24592,25729,50321
3509170,SUMBER BARU,48581,51193,99774
3509180,TANGGUL,40357,42813,83170
3509190,BANGSALSARI,55510,59214,114724
3509200,PANTI,29202,30514,59716
3509210,SUKORAMBI,18640,19523,38163
3509220,ARJASA,18714,19604,38318
3509230,PAKUSARI,20356,21539,41895
3509240,KALISAT,36727,38575,75302
3509250,LEDOKOMBO,30671,32072,62743
3509260,SUMBERJAMBE ,29661,30991,60652
3509270,SUKOWONO,28701,30567,59268
3509280,JELBUK,15586,16608,32194
3509710,KALIWATES,54680,57834,112514
3509720,SUMBERSARI,62244,64633,126877
3509730,PATRANG,47008,48134,95142
3510,BANYUWANGI,772745,782252,1554997
3510010,PESANGGARAN,24553,23844,48397
3510011,SILIRAGUNG,22363,21734,44097
3510020,BANGOREJO,29894,29555,59449
3510030,PURWOHARJO,32404,32554,64958
3510040,TEGALDLIMO,30820,30255,61075
3510050,MUNCAR,64469,63450,127919
3510060,CLURING,34774,35284,70058
3510070,GAMBIRAN,28754,29503,58257
3510071,TEGALSARI,23144,23048,46192
3510080,GLENMORE,33926,35309,69235
3510090,KALIBARU,30361,31261,61622
3510100,GENTENG,41297,41702,82999
3510110,SRONO,43454,44054,87508
3510120,ROGOJAMPI,45650,46457,92107
3510130,KABAT,33216,33917,67133
3510140,SINGOJURUH,22064,23053,45117
3510150,SEMPU,35574,35902,71476
3510160,SONGGON,24752,25495,50247
3510170,GLAGAH,16585,17399,33984
3510171,LICIN,13874,14119,27993
3510180,BANYUWANGI,51972,54140,106112
3510190,GIRI,14408,13887,28295
3510200,KALIPURO,37727,38696,76423
3510210,WONGSOREJO,36710,37634,74344
3511,BONDOWOSO,358181,378349,736530
3511010,MAESAN,22350,23351,45701
3511020,GRUJUGAN,16867,17500,34367
3511030,TAMANAN,17476,18160,35636
3511031,JAMBESARI DARUS SHOLAH,16468,17299,33767
3511040,PUJER,18231,19351,37582
3511050,TLOGOSARI,21538,22513,44051
3511060,SUKOSARI,7205,7759,14964
3511061,SUMBER WRINGIN,16177,16816,32993
3511070,TAPEN,15846,17240,33086
3511080,WONOSARI,18688,19755,38443
3511090,TENGGARANG,19443,20094,39537
3511100,BONDOWOSO,34432,36498,70930
3511110,CURAH DAMI,15601,15797,31398
3511111,BINAKAL ,7219,7932,15151
3511120,PAKEM,10339,11159,21498
3511130,WRINGIN,19072,20368,39440
3511140,TEGALAMPEL,11784,12671,24455
3511141,TAMAN KROCOK,7810,8441,16251
3511150,KLABANG,8922,9499,18421
3511151,SEMPOL,5597,5653,11250
3511152,BOTOLINGGO,13950,14797,28747
3511160,PRAJEKAN,12073,13018,25091
3511170,CERMEE,21093,22678,43771
3512,SITUBONDO,315613,331887,647500
3512010,SUMBERMALANG,12814,13468,26282
3512020,JATIBANTENG,10529,11320,21849
3512030,BANYUGLUGUR,10901,11557,22458
3512040,BESUKI,29873,31383,61256
3512050,SUBOH,12760,13432,26192
3512060,MLANDINGAN,10834,11572,22406
3512070,BUNGATAN,11835,12576,24411
3512080,KENDIT,13692,14473,28165
3512090,PANARUKAN,26027,27011,53038
3512100,SITUBONDO,22682,23964,46646
3512110,MANGARAN,15426,16536,31962
3512120,PANJI,33088,35174,68262
3512130,KAPONGAN,17915,19070,36985
3512140,ARJASA,19480,20323,39803
3512150,JANGKAR,17712,18582,36294
3512160,ASEMBAGUS,23138,24152,47290
3512170,BANYUPUTIH,26907,27294,54201
3513,PROBOLINGGO,534262,561108,1095370
3513010,SUKAPURA,9656,9902,19558
3513020,SUMBER,12779,13370,26149
3513030,KURIPAN,14106,15065,29171
3513040,BANTARAN,19364,21275,40639
3513050,LECES,26540,27966,54506
3513060,TEGALSIWALAN,17323,18856,36179
3513070,BANYUANYAR,25175,27131,52306
3513080,TIRIS,31161,32252,63413
3513090,KRUCIL,25938,26033,51971
3513100,GADING,23162,24907,48069
3513110,PAKUNIRAN,20664,21590,42254
3513120,KOTAANYAR,17097,18061,35158
3513130,PAITON,34154,34750,68904
3513140,BESUK,22031,23651,45682
3513150,KRAKSAAN,32180,33442,65622
3513160,KREJENGAN,18400,19576,37976
3513170,PAJARAKAN ,16267,17420,33687
3513180,MARON,29867,31909,61776
3513190,GENDING,19106,19944,39050
3513200,DRINGU,25220,25571,50791
3513210,WONOMERTO,18727,19796,38523
3513220,LUMBANG,15098,15941,31039
3513230,TONGAS,30942,32588,63530
3513240,SUMBERASIH,29305,30112,59417
3514,PASURUAN,747376,762885,1510261
3514010,PURWODADI,32738,32650,65388
3514020,TUTUR,26010,25877,51887
3514030,PUSPO,13336,13903,27239
3514040,TOSARI,9132,9349,18481
3514050,LUMBANG,16126,16669,32795
3514060,PASREPAN,24364,25486,49850
3514070,KEJAYAN,30134,32415,62549
3514080,WONOREJO,27349,28999,56348
3514090,PURWOSARI,38775,39029,77804
3514100,PRIGEN,41305,40978,82283
3514110,SUKOREJO,40231,40765,80996
3514120,PANDAAN,51944,53195,105139
3514130,GEMPOL,61923,61280,123203
3514140,BEJI,38958,39232,78190
3514150,BANGIL,40971,43291,84262
3514160,REMBANG,29638,30831,60469
3514170,KRATON,44866,44103,88969
3514180,POHJENTREK,14210,14119,28329
3514190,GONDANG WETAN,25869,26711,52580
3514200,REJOSO,21790,21806,43596
3514210,WINONGAN,20452,20787,41239
3514220,GRATI,36600,37279,73879
3514230,LEKOK,33812,35934,69746
3514240,NGULING,26843,28197,55040
3515,SIDOARJO,977683,967569,1945252
3515010,TARIK,30615,30362,60977
3515020,PRAMBON,34273,34063,68336
3515030,KREMBUNG,29183,29175,58358
3515040,PORONG,33771,32138,65909
3515050,JABON,24966,25023,49989
3515060,TANGGULANGIN,42279,42301,84580
3515070,CANDI,72283,72863,145146
3515080,TULANGAN,43982,43440,87422
3515090,WONOAYU,36017,35992,72009
3515100,SUKODONO,55936,55185,111121
3515110,SIDOARJO,95885,98166,194051
3515120,BUDURAN ,46901,45433,92334
3515130,SEDATI,46805,45663,92468
3515140,WARU,116242,115056,231298
3515150,GEDANGAN,67757,65090,132847
3515160,TAMAN,107256,105601,212857
3515170,KRIAN,59899,58786,118685
3515180,BALONG BENDO,33633,33232,66865
3516,MOJOKERTO,510839,512687,1023526
3516010,JATIREJO,19943,19752,39695
3516020,GONDANG,19315,19552,38867
3516030,PACET,26477,26539,53016
3516040,TRAWAS,14150,14161,28311
3516050,NGORO,39358,40034,79392
3516060,PUNGGING,35665,35655,71320
3516070,KUTOREJO,28859,28474,57333
3516080,MOJOSARI,37102,36891,73993
3516090,BANGSAL,23267,23253,46520
3516091,MOJOANYAR,22701,23445,46146
3516100,DLANGGU,24899,25165,50064
3516110,PURI,34764,35079,69843
3516120,TROWULAN,34324,33755,68079
3516130,SOOKO,34503,34165,68668
3516140,GEDEK,26234,26487,52721
3516150,KEMLAGI,25521,26595,52116
3516160,JETIS,40365,39367,79732
3516170,DAWAR BLANDONG,23392,24318,47710
3517,JOMBANG,597224,604333,1201557
3517010,BANDAR KEDUNG MULYO,21519,21591,43110
3517020,PERAK,25159,25782,50941
3517030,GUDO,24926,25641,50567
3517040,DIWEK,51047,50256,101303
3517050,NGORO,34135,34571,68706
3517060,MOJOWARNO,42982,42618,85600
3517070,BARENG,24370,24938,49308
3517080,WONOSALAM,15476,15176,30652
3517090,MOJOAGUNG,36511,36340,72851
3517100,SUMOBITO,38550,38514,77064
3517110,JOGO ROTO,31464,31202,62666
3517120,PETERONGAN,31524,32149,63673
3517130,JOMBANG,67303,69794,137097
3517140,MEGALUH,18019,18411,36430
3517150,TEMBELANG,24520,24924,49444
3517160,KESAMBEN,29737,30259,59996
3517170,KUDU,13908,14353,28261
3517171,NGUSIKAN,10224,10519,20743
3517180,PLOSO ,19222,19433,38655
3517190,KABUH,19092,19977,39069
3517200,PLANDAAN,17536,17885,35421
3518,NGANJUK,505265,511128,1016393
3518010,SAWAHAN,17925,18147,36072
3518020,NGETOS,16954,17013,33967
3518030,BERBEK,26969,26862,53831
3518040,LOCERET,34153,34635,68788
3518050,PACE,29133,29682,58815
3518060,TANJUNGANOM,53759,54867,108626
3518070,PRAMBON,34316,34340,68656
3518080,NGRONGGOT,37744,37305,75049
3518090,KERTOSONO,25878,26528,52406
3518100,PATIANROWO,20581,20427,41008
3518110,BARON,23991,23973,47964
3518120,GONDANG,24919,24958,49877
3518130,SUKOMORO,20830,20727,41557
3518140,NGANJUK,32177,33702,65879
3518150,BAGOR,27932,28788,56720
3518160,WILANGAN,13353,13593,26946
3518170,REJOSO,32771,33278,66049
3518180,NGLUYU,6761,6927,13688
3518190,LENGKONG,15489,15645,31134
3518200,JATIKALEN,9630,9731,19361
3519,MADIUN,326380,335506,661886
3519010,KEBONSARI,25694,25417,51111
3519020,GEGER,28365,28864,57229
3519030,DOLOPO,25742,25788,51530
3519040,DAGANGAN,22609,21748,44357
3519050,WUNGU,26805,27601,54406
3519060,KARE,14784,14688,29472
3519070,GEMARANG,15261,15548,30809
3519080,SARADAN,30268,31753,62021
3519090,PILANGKENCENG,24311,25805,50116
3519100,MEJAYAN,20443,21329,41772
3519110,WONOASRI,15442,15911,31353
3519120,BALEREJO,19967,21004,40971
3519130,MADIUN,17721,19079,36800
3519140,SAWAHAN,11599,12090,23689
3519150,JIWAN,27369,28881,56250
3520,MAGETAN,301710,318436,620146
3520010,PONCOL,14167,14625,28792
3520020,PARANG,18796,19794,38590
3520030,LEMBEYAN,18060,18635,36695
3520040,TAKERAN,17341,18418,35759
3520041,NGUNTORONADI ,9400,9830,19230
3520050,KAWEDANAN,18559,20308,38867
3520060,MAGETAN,20618,22372,42990
3520061,NGARIBOYO,16491,17783,34274
3520070,PLAOSAN,23751,24177,47928
3520071,SIDOREJO,12262,12766,25028
3520080,PANEKAN,24126,24969,49095
3520090,SUKOMORO,13631,15190,28821
3520100,BENDO,18020,19927,37947
3520110,MAOSPATI,21453,22844,44297
3520120,KARANGREJO,11076,11607,22683
3520121,KARAS,18697,18352,37049
3520130,BARAT,13809,14770,28579
3520131,KARTOHARJO,11453,12069,23522
3521,NGAWI,397888,419188,817076
3521010,SINE,20061,21096,41157
3521020,NGRAMBE,18848,19791,38639
3521030,JOGOROGO,18984,19885,38869
3521040,KENDAL,21585,22710,44295
3521050,GENENG,24071,25084,49155
3521051,GERIH,15828,16277,32105
3521060,KWADUNGAN,12403,12899,25302
3521070,PANGKUR,13022,13435,26457
3521080,KARANGJATI,22831,24029,46860
3521090,BRINGIN,14952,15540,30492
3521100,PADAS,15737,16441,32178
3521101,KASREMAN,11608,11804,23412
3521110,NGAWI,39269,40477,79746
3521120,PARON,42020,44016,86036
3521130,KEDUNGGALAR,32402,33693,66095
3521140,PITU,13255,13533,26788
3521150,WIDODAREN,31415,34589,66004
3521160,MANTINGAN,16980,20899,37879
3521170,KARANGANYAR,12617,12990,25607
3522,BOJONEGORO,597585,611423,1209008
3522010,MARGOMULYO,10840,11080,21920
3522020,NGRAHO,20473,21006,41479
3522030,TAMBAKREJO,25439,25909,51348
3522040,NGAMBON,5502,5504,11006
3522041,SEKAR,12947,12770,25717
3522050,BUBULAN,6711,6979,13690
3522051,GONDANG,11888,11847,23735
3522060,TEMAYANG,16729,17180,33909
3522070,SUGIHWARAS,21169,21724,42893
3522080,KEDUNGADEM,37815,38968,76783
3522090,KEPOH BARU ,29443,30212,59655
3522100,BAURENO,36551,37055,73606
3522110,KANOR,26328,27468,53796
3522120,SUMBEREJO,32655,34066,66721
3522130,BALEN,30324,31378,61702
3522140,SUKOSEWU,19712,19826,39538
3522150,KAPAS,25080,24863,49943
3522160,BOJONEGORO,40142,42606,82748
3522170,TRUCUK,17731,17933,35664
3522180,DANDER,37749,37955,75704
3522190,NGASEM,35665,35570,71235
3522200,KALITIDU,30235,30674,60909
3522210,MALO,13725,14519,28244
3522220,PURWOSARI,13359,13622,26981
3522230,PADANGAN,19730,20573,40303
3522240,KASIMAN,13922,14303,28225
3522241,KEDEWAN,5721,5833,11554
3523,TUBAN,551869,565670,1117539
3523010,KENDURUAN,13051,13293,26344
3523020,BANGILAN,21391,22144,43535
3523030,SENORI,18753,19575,38328
3523040,SINGGAHAN,19422,19654,39076
3523050,MONTONG,25733,25202,50935
3523060,PARENGAN,25409,26112,51521
3523070,SOKO,38819,39741,78560
3523080,RENGEL,28004,28390,56394
3523081,GRABAGAN,18167,18294,36461
3523090,PLUMPANG,36835,37405,74240
3523100,WIDANG,23223,24166,47389
3523110,PALANG,37557,38887,76444
3523120,SEMANDING,49838,51733,101571
3523130,TUBAN,39958,42004,81962
3523140,JENU,24745,25330,50075
3523150,MERAKURAK,26811,27488,54299
3523160,KEREK,31740,32713,64453
3523170,TAMBAKBOYO,19175,19375,38550
3523180,JATIROGO,26041,26412,52453
3523190,BANCAR,27197,27752,54949
3524,LAMONGAN,572761,607009,1179770
3524010,SUKORAME,9885,10195,20080
3524020,BLULUK,10313,11090,21403
3524030,NGIMBANG,21567,21964,43531
3524040,SAMBENG,23702,24345,48047
3524050,MANTUP,21107,21634,42741
3524060,KEMBANGBAHU,22837,23143,45980
3524070,SUGIO ,26540,27735,54275
3524080,KEDUNGPRING,24041,26079,50120
3524090,MODO,21766,23336,45102
3524100,BABAT,37638,38870,76508
3524110,PUCUK,18784,20271,39055
3524120,SUKODADI,24650,26138,50788
3524130,LAMONGAN,32109,33260,65369
3524140,TIKUNG,20465,21046,41511
3524141,SARIREJO,11037,11353,22390
3524150,DEKET,20520,20586,41106
3524160,GLAGAH,17293,17901,35194
3524170,KARANGBINANGUN,16076,17438,33514
3524180,TURI,23335,24082,47417
3524190,KALITENGAH,14446,15780,30226
3524200,KARANG GENENG,17234,19297,36531
3524210,SEKARAN,15692,17858,33550
3524220,MADURAN,12197,14172,26369
3524230,LAREN,16848,19830,36678
3524240,SOLOKURO,18323,20989,39312
3524250,PACIRAN,44107,46880,90987
3524260,BRONDONG,30249,31737,61986
3525,GRESIK,582746,594455,1177201
3525010,WRINGINANOM,33030,32513,65543
3525020,DRIYOREJO,60348,59700,120048
3525030,KEDAMEAN,27911,27827,55738
3525040,MENGANTI,60366,59190,119556
3525050,CERME,34751,34443,69194
3525060,BENJENG,28585,28745,57330
3525070,BALONGPANGGANG,24223,24958,49181
3525080,DUDUKSAMPEYAN,21666,22240,43906
3525090,KEBOMAS,53857,52265,106122
3525100,GRESIK,37991,38351,76342
3525110,MANYAR,55675,57014,112689
3525120,BUNGAH,28489,29176,57665
3525130,SIDAYU,18832,19039,37871
3525140,DUKUN,25597,28550,54147
3525150,PANCENG,18037,21566,39603
3525160,UJUNGPANGKAH,20204,21820,42024
3525170,SANGKAPURA,21791,23963,45754
3525180,TAMBAK,11393,13095,24488
3526,BANGKALAN,432897,474358,907255
3526010,KAMAL,22269,23704,45973
3526020,LABANG,15745,17554,33299
3526030,KWANYAR,19788,22011,41799
3526040,MODUNG,20624,23030,43654
3526050,BLEGA,25422,27025,52447
3526060,KONANG ,21841,22974,44815
3526070,GALIS,34759,37849,72608
3526080,TANAH MERAH,26783,29974,56757
3526090,TRAGAH,12680,14207,26887
3526100,SOCAH,25169,27912,53081
3526110,BANGKALAN,36919,39179,76098
3526120,BURNEH,26993,28949,55942
3526130,AROSBAYA,19033,21181,40214
3526140,GEGER,28966,33661,62627
3526150,KOKOP,31626,33493,65119
3526160,TANJUNGBUMI,23184,25189,48373
3526170,SEPULU,18515,20419,38934
3526180,KLAMPIS,22581,26047,48628
3527,SAMPANG,426721,450229,876950
3527010,SRESEH,13351,15153,28504
3527020,TORJUN,17863,18260,36123
3527021,PANGARENGAN,10350,10752,21102
3527030,SAMPANG,57025,57477,114502
3527040,CAMPLONG,42649,43838,86487
3527050,OMBEN,37453,40691,78144
3527060,KEDUNGDUNG,42149,44544,86693
3527070,JRENGIK,15484,16147,31631
3527080,TAMBELANGAN,23593,24311,47904
3527090,BANYUATES,35301,38190,73491
3527100,ROBATAL,26244,26717,52961
3527101,KARANG PENANG,32794,33856,66650
3527110,KETAPANG,42658,45689,88347
3527120,SOKOBANAH,29807,34604,64411
3528,PAMEKASAN,386655,408871,795526
3528010,TLANAKAN,28845,30328,59173
3528020,PADEMAWU,36889,39172,76061
3528030,GALIS,13745,14806,28551
3528040,LARANGAN,25223,27766,52989
3528050,PAMEKASAN,43524,45166,88690
3528060,PROPPO,36546,38585,75131
3528070,PALENGAAN,43688,41648,85336
3528080,PEGANTENAN,29819,33306,63125
3528090,KADUR,21208,23346,44554
3528100,PAKONG,16021,18395,34416
3528110,WARU,28696,30716,59412
3528120,BATU MARMAR,38598,39305,77903
3528130,PASEAN,23853,26332,50185
3529,SUMENEP,495099,546816,1041915
3529010,PRAGAAN,31348,33683,65031
3529020,BLUTO,21817,23438,45255
3529030,SARONGGI ,16024,18296,34320
3529040,GILIGENTENG,12390,14093,26483
3529050,TALANGO,16944,19782,36726
3529060,KALIANGET,18914,20327,39241
3529070,KOTA SUMENEP,34072,36722,70794
3529071,BATUAN,5903,6181,12084
3529080,LENTENG,26963,29641,56604
3529090,GANDING,17016,18646,35662
3529100,GULUK GULUK,24248,26360,50608
3529110,PASONGSONGAN,20788,22403,43191
3529120,AMBUNTEN,17608,20208,37816
3529130,RUBARU,17374,19436,36810
3529140,DASUK,14109,15290,29399
3529150,MANDING,13333,14601,27934
3529160,BATUPUTIH,20159,22308,42467
3529170,GAPURA,17263,19185,36448
3529180,BATANG BATANG,24463,27269,51732
3529190,DUNGKEK,16701,19339,36040
3529200,NONGGUNONG,6148,7041,13189
3529210,GAYAM,14933,16902,31835
3529220,RAAS,17807,19303,37110
3529230,SAPEKEN,21123,22332,43455
3529240,ARJASA,27715,31986,59701
3529241,KANGAYAN,9591,10676,20267
3529250,MASALEMBU,10345,11368,21713
3571,KOTA KEDIRI,133483,133952,267435
3571010,MOJOROTO,55017,52642,107659
3571020,KOTA KEDIRI,39702,41936,81638
3571030,PESANTREN,38764,39374,78138
3572,KOTA BLITAR,65348,66670,132018
3572010,SUKOREJO,21828,22307,44135
3572020,KEPANJENKIDUL,18963,19684,38647
3572030,SANANWETAN,24557,24679,49236
3573,KOTA MALANG,403961,415747,819708
3573010,KEDUNGKANDANG,86820,87607,174427
3573020,SUKUN,90069,91201,181270
3573030,KLOJEN,50325,55698,106023
3573040,BLIMBING,85125,86845,171970
3573050,LOWOKWARU,91622,94396,186018
3574,KOTA PROBOLINGGO,106812,110155,216967
3574010,KADEMANGAN,19459,20488,39947
3574011,KEDOPOK,15196,15220,30416
3574020,WONOASIH,15642,15997,31639
3574030,MAYANGAN,29709,30703,60412
3574031,KANIGARAN,26806,27747,54553
3575,KOTA PASURUAN ,92394,93928,186322
3575010,GADINGREJO,31281,31136,62417
3575020,PURWOREJO,32956,33783,66739
3575030,BUGULKIDUL,28157,29009,57166
3576,KOTA MOJOKERTO,59032,61100,120132
3576010,PRAJURIT KULON,26142,27010,53152
3576020,MAGERSARI,32890,34090,66980
3577,KOTA MADIUN,82677,88174,170851
3577010,MANGU HARJO,24269,25025,49294
3577020,TAMAN,35014,37642,72656
3577030,KARTOHARJO,23394,25507,48901
3578,KOTA SURABAYA,1367159,1398749,2765908
3578010,KARANG PILANG,37360,35548,72908
3578020,JAMBANGAN,23017,23078,46095
3578030,GAYUNGAN,20369,22565,42934
3578040,WONOCOLO,38937,40311,79248
3578050,TENGGILIS MEJOYO,36591,35685,72276
3578060,GUNUNG ANYAR,30830,30883,61713
3578070,RUNGKUT,59176,61215,120391
3578080,SUKOLILO,59630,60110,119740
3578090,MULYOREJO,44901,49669,94570
3578100,GUBENG,60820,67001,127821
3578110,WONOKROMO,65141,69060,134201
3578120,DUKUH PAKIS,31376,32953,64329
3578130,WIYUNG,33099,34955,68054
3578140,LAKARSANTRI,24792,26384,51176
3578141,SAMBIKEREP,30118,31005,61123
3578150,TANDES,51672,50770,102442
3578160,SUKO MANUNGGAL,50153,51731,101884
3578170,SAWAHAN,84428,87857,172285
3578180,TEGALSARI,41763,43725,85488
3578190,GENTENG,22359,23711,46070
3578200,TAMBAKSARI,101742,103639,205381
3578210,KENJERAN,83537,80993,164530
3578211,BULAK,18789,18736,37525
3578220,SIMOKERTO,38797,40382,79179
3578230,SEMAMPIR,76498,74908,151406
3578240,PABEAN CANTIAN,35044,34468,69512
3578250,BUBUTAN,41599,42756,84355
3578260,KREMBANGAN,52858,53651,106509
3578270,ASEMROWO,21782,20822,42604
3578280,BENOWO,26799,27279,54078
3578281,PAKAL,23182,22899,46081
3579,KOTA BATU ,95535,94258,189793
3579010,BATU,43842,43949,87791
3579020,JUNREJO,23759,22749,46508
3579030,BUMIAJI,27934,27560,55494
3600,BANTEN,5440783,5203247,10644030
3601,PANDEGLANG,586869,558923,1145792
3601010,SUMUR,11531,11151,22682
3601020,CIMANGGU,18547,18093,36640
3601030,CIBALIUNG,14899,13895,28794
3601031,CIBITUNG,10837,10330,21167
3601040,CIKEUSIK,26225,24852,51077
3601050,CIGEULIS,17360,16465,33825
3601060,PANIMBANG,25056,23828,48884
3601061,SOBANG,17687,17338,35025
3601070,MUNJUL,11328,10796,22124
3601071,ANGSANA,13224,12336,25560
3601072,SINDANGRESMI,10787,10554,21341
3601080,PICUNG,17822,17291,35113
3601090,BOJONG,17201,16488,33689
3601100,SAKETI,21773,21161,42934
3601101,CISATA,11860,11476,23336
3601110,PAGELARAN,17391,16509,33900
3601111,PATIA,13874,13406,27280
3601112,SUKARESMI,17402,16367,33769
3601120,LABUAN,27973,25866,53839
3601121,CARITA,16489,15523,32012
3601130,JIPUT ,14423,13968,28391
3601131,CIKEDAL,15377,15058,30435
3601140,MENES,17907,17415,35322
3601141,PULOSARI,14103,13411,27514
3601150,MANDALAWANGI,23550,22710,46260
3601160,CIMANUK,19537,18663,38200
3601161,CIPEUCANG,14383,13493,27876
3601170,BANJAR,15099,14671,29770
3601171,KADUHEJO,17617,16910,34527
3601172,MEKARJAYA,9514,9390,18904
3601180,PANDEGLANG,20592,19054,39646
3601181,MAJASARI,22968,21619,44587
3601190,CADASARI,16443,14881,31324
3601191,KARANGTANJUNG,16860,15467,32327
3601192,KORONCONG,9230,8488,17718
3602,LEBAK,618636,585044,1203680
3602010,MALINGPING,31512,29958,61470
3602011,WANASALAM,26351,24810,51161
3602020,PANGGARANGAN,17832,17081,34913
3602021,CIHARA,15127,14298,29425
3602030,BAYAH,20740,19994,40734
3602031,CILOGRANG,16514,15368,31882
3602040,CIBEBER,27757,26296,54053
3602050,CIJAKU,13658,13226,26884
3602051,CIGEMBLONG,10004,9538,19542
3602060,BANJARSARI,29559,27736,57295
3602070,CILELES,23786,22841,46627
3602080,GUNUNG KENCANA,16974,15823,32797
3602090,BOJONGMANIK,10880,10363,21243
3602091,CIRINTEN,13091,11796,24887
3602100,LEUWIDAMAR,25955,24600,50555
3602110,MUNCANG,16077,15398,31475
3602111,SOBANG,14546,13791,28337
3602120,CIPANAS,23232,22203,45435
3602121,LEBAKGEDONG,11234,10297,21531
3602130,SAJIRA,23761,22409,46170
3602140,CIMARGA,30809,29998,60807
3602150,CIKULUR,23648,22984,46632
3602160,WARUNGGUNUNG,26972,25363,52335
3602170,CIBADAK,29880,28154,58034
3602180,RANGKASBITUNG,60180,56741,116921
3602181,KALANGANYAR,16627,15368,31995
3602190,MAJA,26260,24160,50420
3602191,CURUGBITUNG,15670,14450,30120
3603,TANGERANG,1454886,1383706,2838592
3603010,CISOKA ,40766,37802,78568
3603011,SOLEAR,37714,36039,73753
3603020,TIGARAKSA,60552,58122,118674
3603021,JAMBE,20641,19453,40094
3603030,CIKUPA,116387,108859,225246
3603040,PANONGAN,49151,47303,96454
3603050,CURUG,85712,80641,166353
3603051,KELAPA DUA,90645,91966,182611
3603060,LEGOK,50636,47019,97655
3603070,PAGEDANGAN,48923,46541,95464
3603081,CISAUK,32925,31203,64128
3603120,PASARKEMIS,120207,116517,236724
3603121,SINDANG JAYA,39183,37688,76871
3603130,BALARAJA,57814,53474,111288
3603131,JAYANTI,32273,31060,63333
3603132,SUKAMULYA,30387,29034,59421
3603140,KRESEK,30778,29731,60509
3603141,GUNUNG KALER,24085,23951,48036
3603150,KRONJO,28262,26768,55030
3603151,MEKAR BARU,18069,16943,35012
3603160,MAUK,39411,37895,77306
3603161,KEMIRI,21021,19363,40384
3603162,SUKADIRI,27829,25719,53548
3603170,RAJEG,68496,65202,133698
3603180,SEPATAN,47918,44528,92446
3603181,SEPATAN TIMUR,42362,40089,82451
3603190,PAKUHAJI,53169,50152,103321
3603200,TELUKNAGA,70909,67558,138467
3603210,KOSAMBI,68661,63086,131747
3604,SERANG,713518,689739,1403257
3604010,CINANGKA,27768,25536,53304
3604020,PADARINCANG,31634,29793,61427
3604030,CIOMAS,19175,17967,37142
3604040,PABUARAN,19699,18279,37978
3604041,GUNUNG SARI,10063,9281,19344
3604050,BAROS,26849,24475,51324
3604060,PETIR,25228,24959,50187
3604061,TUNJUNG TEJA,19835,19138,38973
3604080,CIKEUSAL,32569,32304,64873
3604090,PAMARAYAN,24797,23964,48761
3604091,BANDUNG,15658,14946,30604
3604100,JAWILAN,27177,25399,52576
3604110,KOPO,24664,23357,48021
3604120,CIKANDE,46797,44809,91606
3604121,KIBIN,27592,39617,67209
3604130,KRAGILAN,40669,38562,79231
3604180,WARINGINKURUNG ,21236,20132,41368
3604190,MANCAK,22488,20687,43175
3604200,ANYAR,26435,25233,51668
3604210,BOJONEGARA,21356,20290,41646
3604211,PULO AMPEL,17615,16548,34163
3604220,KRAMATWATU,44867,42439,87306
3604240,CIRUAS,40586,38893,79479
3604250,PONTANG,25404,23231,48635
3604260,CARENANG,20982,20222,41204
3604261,BINUANG,13716,13619,27335
3604270,TIRTAYASA,19645,18186,37831
3604271,TANARA,19014,17873,36887
3671,KOTA TANGERANG,919638,878077,1797715
3671010,CILEDUG,75511,71943,147454
3671011,LARANGAN,83648,80789,164437
3671012,KARANG TENGAH,60123,58785,118908
3671020,CIPONDOH,108701,105668,214369
3671021,PINANG,81460,78908,160368
3671030,TANGERANG,78583,73808,152391
3671031,KARAWACI,85411,84263,169674
3671040,JATI UWUNG,63880,56626,120506
3671041,CIBODAS,72013,70766,142779
3671042,PERIUK,66273,62777,129050
3671050,BATUCEPER,46567,43814,90381
3671051,NEGLASARI,53858,49598,103456
3671060,BENDA,43610,40332,83942
3672,KOTA CILEGON,191729,182735,374464
3672010,CIWANDAN,22193,20738,42931
3672011,CITANGKIL,33298,31757,65055
3672020,PULOMERAK,22003,21222,43225
3672021,PURWAKARTA,19951,18574,38525
3672022,GROGOL,19741,18753,38494
3672030,CILEGON,20129,19332,39461
3672031,JOMBANG,30935,29424,60359
3672040,CIBEBER,23479,22935,46414
3673,KOTA SERANG,296806,280155,576961
3673010,CURUG,24470,22705,47175
3673020,WALANTAKA,38580,37101,75681
3673030,CIPOCOK JAYA,41545,39317,80862
3673040,SERANG,105912,101153,207065
3673050,TAKTAKAN,40559,37825,78384
3673060,KASEMEN,45740,42054,87794
3674,KOTA TANGERANG SELATAN,658701,644868,1303569
3674010,SETU,33260,31725,64985
3674020,SERPONG ,68129,69269,137398
3674030,PAMULANG,146141,142370,288511
3674040,CIPUTAT,99387,96513,195900
3674050,CIPUTAT TIMUR,93057,90273,183330
3674060,PONDOK AREN,155838,151316,307154
3674070,SERPONG UTARA,62889,63402,126291
5100,BALI,1961170,1930258,3891428
5101,JEMBRANA,130049,131569,261618
5101010,MELAYA,25242,25128,50370
5101020,NEGARA,39162,38573,77735
5101021,JEMBRANA,25410,26245,51655
5101030,MENDOYO,27597,28658,56255
5101040,PEKUTATAN,12638,12965,25603
5102,TABANAN,209190,211180,420370
5102010,SELEMADEG,9428,9844,19272
5102011,SELEMADEG TIMUR,10366,10776,21142
5102012,SELEMADEG BARAT,9352,9422,18774
5102020,KERAMBITAN,18610,19067,37677
5102030,TABANAN,35293,35251,70544
5102040,KEDIRI,42417,41625,84042
5102050,MARGA,19867,20311,40178
5102060,BATURITI,23202,23130,46332
5102070,PENEBEL,21497,22591,44088
5102080,PUPUAN,19158,19163,38321
5103,BADUNG,277557,266124,543681
5103010,KUTA SELATAN,59695,56448,116143
5103020,KUTA,45060,41597,86657
5103030,KUTA UTARA,53397,50378,103775
5103040,MENGWI ,62148,60710,122858
5103050,ABIANSEMAL,43988,43991,87979
5103060,PETANG,13269,13000,26269
5104,GIANYAR,237669,232711,470380
5104010,SUKAWATI,56068,54506,110574
5104020,BLAHBATUH,33255,32638,65893
5104030,GIANYAR,44062,43149,87211
5104040,TAMPAKSIRING,23324,22507,45831
5104050,UBUD,35035,34326,69361
5104060,TEGALLALANG,25289,25051,50340
5104070,PAYANGAN,20636,20534,41170
5105,KLUNGKUNG,84560,85999,170559
5105010,NUSA PENIDA,22562,22616,45178
5105020,BANJARANGKAN,18558,18576,37134
5105030,KLUNGKUNG,27092,27983,55075
5105040,DAWAN,16348,16824,33172
5106,BANGLI,109189,106215,215404
5106010,SUSUT,21774,21494,43268
5106020,BANGLI,24279,23920,48199
5106030,TEMBUKU,17108,16679,33787
5106040,KINTAMANI,46028,44122,90150
5107,KARANGASEM,198866,198026,396892
5107010,RENDANG,18656,18305,36961
5107020,SIDEMEN,15586,16106,31692
5107030,MANGGIS,21870,22160,44030
5107040,KARANGASEM,41334,41256,82590
5107050,ABANG,30858,30393,61251
5107060,BEBANDEM,22427,22727,45154
5107070,SELAT,18885,19250,38135
5107080,KUBU,29250,27829,57079
5108,BULELENG,311064,313015,624079
5108010,GEROKGAK,39620,39256,78876
5108020,SERIRIT,34194,35354,69548
5108030,BUSUNGBIU,19671,19848,39519
5108040,BANJAR,34192,34792,68984
5108050,SUKASADA,35870,36156,72026
5108060,BULELENG,64113,64839,128952
5108070,SAWAN,28980,29653,58633
5108080,KUBUTAMBAHAN,27192,26545,53737
5108090,TEJAKULA,27232,26572,53804
5171,KOTA DENPASAR,403026,385419,788445
5171010,DENPASAR SELATAN,125392,119565,244957
5171020,DENPASAR TIMUR,70201,67731,137932
5171030,DENPASAR BARAT,117316,112167,229483
5171031,DENPASAR UTARA,90117,85956,176073
5200,NUSA TENGGARA BARAT,2180168,2316687,4496855
5201,LOMBOK BARAT,293123,306486,599609
5201010,SEKOTONG TENGAH,28329,28639,56968
5201011,LEMBAR,21725,22663,44388
5201020,GERUNG,35221,39040,74261
5201030,LABU API,29589,31289,60878
5201040,KEDIRI,26404,27674,54078
5201041,KURIPAN,16708,17321,34029
5201050,NARMADA,42791,45024,87815
5201051,LINGSAR,30875,32301,63176
5201060,GUNUNG SARI,38774,39834,78608
5201061,BATU LAYAR,22707,22701,45408
5202,LOMBOK TENGAH,406783,452526,859309
5202010,PRAYA BARAT,33090,35963,69053
5202011,PRAYA BARAT DAYA,24230,26971,51201
5202020,PUJUT,46431,50416,96847
5202030,PRAYA TIMUR,29904,32768,62672
5202040,JANAPRIA,32326,37554,69880
5202050,KOPANG,34692,40916,75608
5202060,PRAYA,49604,53700,103304
5202061,PRAYA TENGAH,28663,31261,59924
5202070,JONGGAT,42892,46425,89317
5202080,PRINGGARATA ,29881,32898,62779
5202090,BATUKLIANG,33038,38460,71498
5202091,BATUKLIANG UTARA,22032,25194,47226
5203,LOMBOK TIMUR,514327,591344,1105671
5203010,KERUAK,22466,25227,47693
5203011,JEROWARU,25593,27607,53200
5203020,SAKRA,24414,28419,52833
5203021,SAKRA BARAT,21294,25532,46826
5203022,SAKRA TIMUR,18546,22487,41033
5203030,TERARA,31116,34372,65488
5203031,MONTONG GADING,18282,22274,40556
5203040,SIKUR,30635,36981,67616
5203050,MASBAGIK,44516,49411,93927
5203051,PRINGGASELA,22979,27102,50081
5203060,SUKAMULIA,13797,16595,30392
5203061,SURALAGA,23981,27856,51837
5203070,SELONG,39167,43338,82505
5203071,LABUHAN HAJI,24916,28218,53134
5203080,PRINGGABAYA,42588,48017,90605
5203081,SUELA,17109,20500,37609
5203090,AIKMEL,42493,50325,92818
5203091,WANASABA,27075,32207,59282
5203092,SEMBALUN,9036,9740,18776
5203100,SAMBELIA,14324,15136,29460
5204,SUMBAWA,211451,203912,415363
5204020,LUNYUK,9322,8801,18123
5204021,ORONG TELU,2351,2179,4530
5204050,ALAS,14131,13862,27993
5204051,ALAS BARAT,9427,8998,18425
5204052,BUER,6709,6699,13408
5204061,UTAN,14584,14244,28828
5204062,RHEE,3591,3317,6908
5204070,BATULANTEH,5261,4866,10127
5204080,SUMBAWA,28394,28255,56649
5204081,LABUHAN BADAS,14484,14386,28870
5204082,UNTER IWIS,9295,8813,18108
5204090,MOYO HILIR,11279,10959,22238
5204091,MOYO UTARA,4551,4472,9023
5204100,MOYO HULU,10230,9641,19871
5204110,ROPANG,2653,2364,5017
5204111,LENANGGUAR,3298,2988,6286
5204112,LANTUNG,1410,1357,2767
5204121,LAPE,8263,7868,16131
5204122,LOPOK,8876,8674,17550
5204130,PLAMPANG,14243,13570,27813
5204131,LABANGKA ,5237,4911,10148
5204132,MARONGE,5064,4703,9767
5204140,EMPANG,11078,10502,21580
5204141,TARANO,7720,7483,15203
5205,DOMPU,110704,108280,218984
5205010,HU'U,8093,7948,16041
5205011,PAJO,6385,6194,12579
5205020,DOMPU,24937,24966,49903
5205030,WOJA,26184,25410,51594
5205040,KILO,6211,5855,12066
5205050,KEMPO,9180,8980,18160
5205051,MANGGALEWA,14049,13727,27776
5205060,PEKAT,15665,15200,30865
5206,BIMA,218280,220242,438522
5206010,MONTA,16868,16502,33370
5206011,PARADO,4298,4373,8671
5206020,BOLO,22113,22163,44276
5206021,MADA PANGGA,13481,13974,27455
5206030,WOHA,21865,22034,43899
5206040,BELO,12312,12645,24957
5206041,PALIBELO,12212,12531,24743
5206050,WAWO,7745,8407,16152
5206051,LANGGUDU,13042,13241,26283
5206052,LAMBITU,2548,2508,5056
5206060,SAPE,26518,26579,53097
5206061,LAMBU,16882,16946,33828
5206070,WERA,13891,14086,27977
5206071,AMBALAWI,9103,9031,18134
5206080,DONGGO,8243,8496,16739
5206081,SOROMANDI,7736,7736,15472
5206090,SANGGAR,5961,5877,11838
5206091,TAMBORA,3462,3113,6575
5207,SUMBAWA BARAT,58170,56584,114754
5207010,SEKONGKANG,4172,4015,8187
5207020,JEREWEH,4210,4181,8391
5207021,MALUK,6196,5679,11875
5207030,TALIWANG,22095,21937,44032
5207031,BRANG ENE,2578,2502,5080
5207040,BRANG REA,6447,6084,12531
5207050,SETELUK,7777,7623,15400
5207051,POTO TANO,4695,4563,9258
5208,LOMBOK UTARA,98623,101281,199904
5208010,PEMENANG,16453,16003,32456
5208020,TANJUNG,21996,22565,44561
5208030,GANGGA,19931,20983,40914
5208040,KAYANGAN ,18314,19087,37401
5208050,BAYAN,21929,22643,44572
5271,KOTA MATARAM,198866,203430,402296
5271010,AMPENAN,39542,39111,78653
5271011,SEKARBELA,26162,26981,53143
5271020,MATARAM,35617,37225,72842
5271021,SELAPARANG,35509,37217,72726
5271030,CAKRANEGARA,31626,32384,64010
5271031,SANDUBAYA,30410,30512,60922
5272,KOTA BIMA,69841,72602,142443
5272010,RASANAE BARAT,15366,15662,31028
5272011,MPUNDA,15405,17126,32531
5272020,RASANAE TIMUR,8010,8186,16196
5272021,RABA,17012,17745,34757
5272030,ASAKOTA,14048,13883,27931
5300,NUSA TENGGARA TIMUR,2323534,2355782,4679316
5301,SUMBA BARAT,57567,53456,111023
5301021,LAMBOYA,8246,7842,16088
5301022,WANOKAKA,7184,6844,14028
5301023,LABOYA BARAT,3819,3524,7343
5301050,LOLI,14520,12551,27071
5301060,KOTA WAIKABUBAK,14854,13976,28830
5301072,TANA RIGHU,8944,8719,17663
5302,SUMBA TIMUR,117656,110179,227835
5302010,LEWA,7984,7443,15427
5302011,NGGAHA ORIANGU,4377,4285,8662
5302012,LEWA TIDAHU,3161,2979,6140
5302013,KATALA HAMU LINGU,1874,1812,3686
5302020,TABUNDUNG,4236,4059,8295
5302021,PINUPAHAR,3321,3092,6413
5302030,PABERIWAI,2945,2681,5626
5302031,KARERA,3777,3581,7358
5302032,MATAWAI LA PAWU,2972,2818,5790
5302033,KAHAUNGU ETI,4189,3989,8178
5302034,MAHU,2074,1843,3917
5302035,NGADU NGALA,2515,2288,4803
5302040,PAHUNGA LODU,6282,5976,12258
5302041,WULA WAIJELU ,3573,3342,6915
5302051,RINDI,4656,4437,9093
5302052,UMALULU,8411,7831,16242
5302060,PANDAWAI,7694,7159,14853
5302061,KAMBATA MAPAMBUHANG,1797,1637,3434
5302070,KOTA WAINGAPU,18195,16939,35134
5302071,KAMBERA,16070,15042,31112
5302080,HAHARU,2901,2682,5583
5302081,KANATANG,4652,4264,8916
5303,KUPANG,155808,148190,303998
5303100,SEMAU,3443,3222,6665
5303101,SEMAU SELATAN,2416,2300,4716
5303110,KUPANG BARAT,7976,7256,15232
5303111,NEKAMESE,4529,4398,8927
5303120,KUPANG TENGAH,17518,16304,33822
5303121,TAEBENU,7231,7317,14548
5303130,AMARASI,7763,7505,15268
5303131,AMARASI BARAT,7397,7015,14412
5303132,AMARASI SELATAN,5214,5029,10243
5303133,AMARASI TIMUR,3712,3379,7091
5303140,KUPANG TIMUR,20847,19492,40339
5303141,AMABI OEFETO TIMUR,6686,6360,13046
5303142,AMABI OEFETO,3920,3830,7750
5303150,SULAMU,7364,6803,14167
5303160,FATULEU,11895,11127,23022
5303161,FATULEU TENGAH,2409,2471,4880
5303162,FATULEU BARAT,4276,4156,8432
5303170,TAKARI,10386,9880,20266
5303180,AMFOANG SELATAN,4328,4299,8627
5303181,AMFOANG BARAT DAYA,2124,2141,4265
5303182,AMFOANG TENGAH,2695,2703,5398
5303190,AMFOANG UTARA,3602,3404,7006
5303191,AMFOANG BARAT LAUT,4484,4299,8783
5303192,AMFOANG TIMUR,3593,3500,7093
5304,TIMOR TENGAH SELATAN,218015,222455,440470
5304010,MOLLO UTARA,11573,11717,23290
5304011,FATUMNASI,3296,3366,6662
5304012,TOBU,4519,4865,9384
5304013,NUNBENA,2524,2550,5074
5304020,MOLLO SELATAN,7694,7403,15097
5304021,POLEN,6725,6871,13596
5304022,MOLLO BARAT,3748,3733,7481
5304023,MOLLO TENGAH,3574,3508,7082
5304030,KOTA SOE,19946,19151,39097
5304040,AMANUBAN BARAT,10921,10819,21740
5304041,BATU PUTIH,6121,5990,12111
5304042,KUATNANA ,7435,7360,14795
5304050,AMANUBAN SELATAN,12012,11798,23810
5304051,NOEBEBA,5732,5508,11240
5304060,KUAN FATU,9491,9477,18968
5304061,KUALIN,10517,10370,20887
5304070,AMANUBAN TENGAH,7505,7645,15150
5304071,KOLBANO,9097,9375,18472
5304072,OENINO,5225,5351,10576
5304080,AMANUBAN TIMUR,8225,8422,16647
5304081,FAUTMOLO,3510,3735,7245
5304082,FATUKOPA,2413,2581,4994
5304090,KIE,10245,11017,21262
5304091,KOT'OLIN,5363,5755,11118
5304100,AMANATUN SELATAN,8450,9409,17859
5304101,BOKING,4808,5074,9882
5304102,NUNKOLO,6512,7256,13768
5304103,NOEBANA,2246,2424,4670
5304104,SANTIAN,3060,3426,6486
5304110,AMANATUN UTARA,7888,8562,16450
5304111,TOIANAS,6089,6328,12417
5304112,KOKBAUN,1551,1609,3160
5305,TIMOR TENGAH UTARA,113926,115677,229603
5305010,MIOMAFFO BARAT,6913,7519,14432
5305011,MIOMAFFO TENGAH,2558,2692,5250
5305012,MUSI,1965,2097,4062
5305013,MUTIS,3285,3290,6575
5305020,MIOMAFFO TIMUR,5130,5426,10556
5305021,NOEMUTI,5310,5610,10920
5305022,BIKOMI SELATAN,4858,4929,9787
5305023,BIKOMI TENGAH,3314,3351,6665
5305024,BIKOMI NILULAT,2134,2159,4293
5305025,BIKOMI UTARA,2684,2893,5577
5305026,NAIBENU,2331,2617,4948
5305027,NOEMUTI TIMUR,1805,1858,3663
5305030,KOTA KEFAMENANU,21771,21162,42933
5305040,INSANA,8936,9157,18093
5305041,INSANA UTARA,4415,4274,8689
5305042,INSANA BARAT,4414,4478,8892
5305043,INSANA TENGAH,4494,4664,9158
5305044,INSANA FAFINESU,2455,2522,4977
5305050,BIBOKI SELATAN,4284,4397,8681
5305051,BIBOKI TANPAH,2624,2710,5334
5305052,BIBOKI MOENLEU,3537,3521,7058
5305060,BIBOKI UTARA,5136,5117,10253
5305061,BIBOKI ANLEU,7570,7295,14865
5305062,BIBOKI FEOTLEU,2003,1939,3942
5306,BELU ,174143,178257,352400
5306010,MALAKA BARAT,9304,10357,19661
5306011,RINHAT,6603,6797,13400
5306012,WEWIKU,8384,8689,17073
5306013,WELIMAN,8264,8944,17208
5306020,MALAKA TENGAH,16425,17727,34152
5306021,SASITA MEAN,3905,4049,7954
5306022,BOTIN LEOBELE,2100,2380,4480
5306023,IO KUFEU,3505,3873,7378
5306030,MALAKA TIMUR,4526,4622,9148
5306031,LAEN MANEN,5425,5439,10864
5306032,RAI MANUK,7185,7189,14374
5306040,KOBALIMA,8237,8551,16788
5306041,KOBALIMA TIMUR,2944,3066,6010
5306050,TASIFETO BARAT,11323,11021,22344
5306051,KAKULUK MESAK,8783,8751,17534
5306052,NANAET DUBESI,1909,2095,4004
5306060,ATAMBUA,13082,13432,26514
5306061,ATAMBUA BARAT,11007,10529,21536
5306062,ATAMBUA SELATAN,11841,10895,22736
5306070,TASIFETO TIMUR,10554,10362,20916
5306071,RAIHAT,6551,6712,13263
5306072,LASIOLAT,3074,3094,6168
5306080,LAMAKNEN,5633,5956,11589
5306081,LAMAKNEN SELATAN,3579,3727,7306
5307,ALOR,92946,97307,190253
5307010,PANTAR,4319,4492,8811
5307011,PANTAR BARAT,3272,3456,6728
5307012,PANTAR TIMUR,5174,5600,10774
5307013,PANTAR BARAT LAUT,2104,2169,4273
5307014,PANTAR TENGAH,4551,4759,9310
5307020,ALOR BARAT DAYA,10495,11086,21581
5307021,MATARU,2725,2824,5549
5307030,ALOR SELATAN,4366,4506,8872
5307040,ALOR TIMUR,3740,3777,7517
5307041,ALOR TIMUR LAUT,4306,4301,8607
5307042,PUREMAN,1675,1793,3468
5307050,TELUK MUTIARA,23918,24612,48530
5307051,KABOLA,3588,3743,7331
5307060,ALOR BARAT LAUT,9055,9722,18777
5307061,ALOR TENGAH UTARA,5181,5746,10927
5307062,PULAU PURA,2396,2662,5058
5307063,LEMBUR,2081,2059,4140
5308,LEMBATA,55256,62382,117638
5308010,NAGAWUTUNG,4046,4637,8683
5308011,WULANDONI,3779,4568,8347
5308020,ATADEI ,3409,4134,7543
5308030,ILE APE,5167,6333,11500
5308031,ILE APE TIMUR,2239,2865,5104
5308040,LEBATUKAN,3938,4588,8526
5308050,NUBATUKAN,16452,16688,33140
5308060,OMESURI,7443,8456,15899
5308070,BUYASARI,8783,10113,18896
5309,FLORES TIMUR,111289,121023,232312
5309010,WULANGGITANG,6496,6640,13136
5309011,TITEHENA,5490,5667,11157
5309012,ILEBURA,2958,3289,6247
5309020,TANJUNG BUNGA,5959,5966,11925
5309021,LEWO LEMA,3879,4056,7935
5309030,LARANTUKA,18538,18733,37271
5309031,ILE MANDIRI,4513,4640,9153
5309032,DEMON PAGONG,2058,2230,4288
5309040,SOLOR BARAT,4307,5045,9352
5309041,SOLOR SELATAN,2125,2712,4837
5309050,SOLOR TIMUR,5990,6879,12869
5309060,ADONARA BARAT,5811,5938,11749
5309061,WOTAN ULU MADO,3816,4056,7872
5309062,ADONARA TENGAH,5193,5494,10687
5309070,ADONARA TIMUR,12377,13767,26144
5309071,ILE BOLENG,6269,7597,13866
5309072,WITIHAMA,6454,7679,14133
5309073,KELUBAGOLIT,4644,5424,10068
5309074,ADONARA,4412,5211,9623
5310,SIKKA,142207,158094,300301
5310010,PAGA,7313,8409,15722
5310011,MEGO,5687,6129,11816
5310012,TANA WAWO,4076,4634,8710
5310020,LELA,5344,6298,11642
5310030,BOLA,4726,5996,10722
5310031,DORENG,5349,5887,11236
5310032,MAPITARA,3020,3282,6302
5310040,TALIBURA,9819,10662,20481
5310041,WAIGETE,10606,11576,22182
5310042,WAIBLAMA,3330,3614,6944
5310050,KEWAPANTE,6200,7238,13438
5310051,HEWOKLOANG,3872,4376,8248
5310052,KANGAE,7515,8932,16447
5310061,PALUE,4065,5494,9559
5310062,KOTING,2981,3380,6361
5310063,NELLE,2680,3118,5798
5310070,NITA,10227,10976,21203
5310071,MAGEPANDA ,5575,5871,11446
5310080,ALOK,16155,16854,33009
5310081,ALOK BARAT,8354,8498,16852
5310082,ALOK TIMUR,15313,16870,32183
5311,ENDE,123818,136610,260428
5311010,NANGAPANDA,9396,10471,19867
5311011,PULAU ENDE,3717,4038,7755
5311012,MAUKARO,3378,3585,6963
5311020,ENDE,6904,8146,15050
5311030,ENDE SELATAN,12050,11931,23981
5311031,ENDE TIMUR,9668,10133,19801
5311032,ENDE TENGAH,13132,14694,27826
5311033,ENDE UTARA,8608,9522,18130
5311040,NDONA,5795,6601,12396
5311041,NDONA TIMUR,2387,2679,5066
5311050,WOLOWARU,7253,8690,15943
5311051,WOLOJITA,2824,3373,6197
5311052,LIO TIMUR,3360,3859,7219
5311053,KELIMUTU,3447,4111,7558
5311054,NDORI,2253,2873,5126
5311060,MAUROLE,5509,5864,11373
5311061,KOTABARU,6128,6485,12613
5311062,DETUKELI,3312,3476,6788
5311070,DETUSOKO,6639,7638,14277
5311071,WEWARIA,8058,8441,16499
5312,NGADA,69703,72551,142254
5312010,AIMERE,7129,7704,14833
5312011,JEREBUU,3350,3898,7248
5312020,BAJAWA,17790,18221,36011
5312030,GOLEWA,17543,18523,36066
5312070,BAJAWA UTARA,4188,4295,8483
5312071,SOA,6203,6452,12655
5312080,RIUNG,6872,6992,13864
5312081,RIUNG BARAT,3957,3803,7760
5312082,WOLOMEZE,2671,2663,5334
5313,MANGGARAI,143572,148465,292037
5313040,SATAR MESE,14904,15543,30447
5313041,SATAR MESE BARAT,14483,15352,29835
5313110,LANGKE REMBONG,32342,33886,66228
5313120,RUTENG,19142,19808,38950
5313121,WAE RII,12803,12790,25593
5313122,LELAK,5354,5465,10819
5313123,RAHONG UTARA,10110,10568,20678
5313130,CIBAL,18422,19355,37777
5313140,REOK,16012,15698,31710
5314,ROTE NDAO ,61147,58564,119711
5314010,ROTE BARAT DAYA,10030,9736,19766
5314020,ROTE BARAT LAUT,11279,11099,22378
5314030,LOBALAIN,12976,11960,24936
5314040,ROTE TENGAH,4124,3900,8024
5314041,ROTE SELATAN,2630,2536,5166
5314050,PANTAI BARU,6307,6013,12320
5314060,ROTE TIMUR,8555,8103,16658
5314070,ROTE BARAT,5246,5217,10463
5315,MANGGARAI BARAT,109978,111452,221430
5315010,KOMODO,20750,20259,41009
5315011,BOLENG,8307,8249,16556
5315020,SANO NGGOANG,12446,12683,25129
5315030,LEMBOR,24583,25226,49809
5315031,WELAK,9512,9601,19113
5315040,KUWUS,19877,20391,40268
5315050,MACANG PACAR,14503,15043,29546
5316,SUMBA TENGAH,32347,30163,62510
5316010,KATIKUTANA,5075,4745,9820
5316011,KATIKUTANA SELATAN,5196,4902,10098
5316020,UMBU RATU NGGAY BARAT,8495,7734,16229
5316030,UMBU RATU NGGAY,6325,5908,12233
5316040,MAMBORO,7256,6874,14130
5317,SUMBA BARAT DAYA,146012,137806,283818
5317010,KODI BANGEDO,18570,17528,36098
5317020,KODI,15822,15284,31106
5317030,KODI UTARA,26140,24310,50450
5317040,WEWEWA SELATAN,10926,10695,21621
5317050,WEWEWA BARAT,23285,21826,45111
5317060,WEWEWA TIMUR,27626,25969,53595
5317070,WEWEWA UTARA,5937,5712,11649
5317080,LOURA,17706,16482,34188
5318,NAGEKEO,63375,66581,129956
5318010,MAUPONGGO,9966,10602,20568
5318020,KEO TENGAH,6290,7143,13433
5318030,NANGARORO,8070,9062,17132
5318040,BOAWAE,16610,17185,33795
5318050,AESESA SELATAN,3069,3182,6251
5318060,AESESA,16943,16953,33896
5318070,WOLOWAE,2427,2454,4881
5319,MANGGARAI TIMUR,125340,127414,252754
5319010,BORONG ,30296,31181,61477
5319020,KOTA KOMBA,23048,23184,46232
5319030,ELAR,15156,14816,29972
5319040,SAMBI RAMPAS,13097,13083,26180
5319050,POCO RANAKA,28207,29219,57426
5319060,LAMBA LEDA,15536,15931,31467
5320,SABU RAIJUA,37352,35648,73000
5320010,RAIJUA,3923,3755,7678
5320020,HAWU MEHARA,7784,7708,15492
5320030,SABU LIAE,4483,4333,8816
5320040,SABU BARAT,13674,12740,26414
5320050,SABU TENGAH,3675,3480,7155
5320060,SABU TIMUR,3813,3632,7445
5371,KOTA KUPANG,172077,163508,335585
5371010,ALAK,26421,24801,51222
5371020,MAULAFA,33373,31893,65266
5371030,OEBOBO,65064,62462,127526
5371040,KELAPA LIMA,47219,44352,91571
6100,KALIMANTAN BARAT,2243740,2149499,4393239
6101,SAMBAS,244569,251547,496116
6101010,SELAKAU,15134,14961,30095
6101011,SELAKAU TIMUR,5116,5070,10186
6101020,PEMANGKAT,22222,22200,44422
6101021,SEMPARUK,11607,12117,23724
6101022,SALATIGA,7263,7381,14644
6101030,TEBAS,31678,32141,63819
6101031,TEKARANG,6386,6924,13310
6101040,SAMBAS,22283,22720,45003
6101041,SUBAH,9155,8513,17668
6101042,SEBAWI,7638,7959,15597
6101043,SAJAD,4781,5142,9923
6101050,JAWAI,16350,18480,34830
6101051,JAWAI SELATAN,8707,8978,17685
6101060,TELUK KERAMAT,28085,30683,58768
6101061,GALING,9906,9805,19711
6101062,TANGARAN,9786,10956,20742
6101070,SEJANGKUNG,11198,11021,22219
6101080,SAJINGAN BESAR,5363,4518,9881
6101090,PALOH,11911,11978,23889
6102,BENGKAYANG,111927,102858,214785
6102010,SUNGAI RAYA ,9051,8992,18043
6102011,CAPKALA,3969,3584,7553
6102012,SUNGAI RAYA KEPULAUAN,10516,10018,20534
6102030,SAMALANTAN,9567,8671,18238
6102031,MONTERADO,12654,11672,24326
6102032,LEMBAH BAWANG,2780,2389,5169
6102040,BENGKAYANG,12102,11462,23564
6102041,TERIAK,6568,6165,12733
6102042,SUNGAI BETUNG,4761,4174,8935
6102050,LEDO,5826,5265,11091
6102051,SUTI SEMARANG,2528,2256,4784
6102052,LUMAR,3055,2762,5817
6102060,SANGGAU LEDO,5791,5414,11205
6102061,TUJUH BELAS,5868,5332,11200
6102070,SELUAS,9069,7981,17050
6102080,JAGOI BABANG,4545,3666,8211
6102081,SIDING,3277,3055,6332
6103,LANDAK,172707,157777,330484
6103020,SEBANGKI,8821,8396,17217
6103030,NGABANG,32354,29609,61963
6103031,JELIMPO,12123,11100,23223
6103040,SENGAH TEMILA,27680,25784,53464
6103050,MANDOR,14596,13668,28264
6103060,MENJALIN,9680,8851,18531
6103070,MEMPAWAH HULU,17295,15438,32733
6103071,SOMPAK,7091,6471,13562
6103080,MENYUKE,13298,12224,25522
6103081,BANYUKE HULU,6245,5504,11749
6103090,MERANTI,4777,4250,9027
6103100,KUALA BEHE,7187,6350,13537
6103110,AIR BESAR,11560,10132,21692
6104,PONTIANAK,118804,114993,233797
6104080,SIANTAN,20365,20010,40375
6104081,SEGEDONG,10122,10103,20225
6104090,SUNGAI PINYUH,24240,22982,47222
6104091,ANJONGAN,8484,8149,16633
6104100,MEMPAWAH HILIR,17320,17173,34493
6104101,MEMPAWAH TIMUR,12579,12568,25147
6104110,SUNGAI KUNYIT,11130,10958,22088
6104120,TOHO,9097,8367,17464
6104121,SADANIANG,5467,4683,10150
6105,SANGGAU,211304,196685,407989
6105010,TOBA,6327,5609,11936
6105020,MELIAU,24195,21803,45998
6105060,KAPUAS,39581,39121,78702
6105070,MUKOK ,9371,8894,18265
6105120,JANGKANG,14025,12598,26623
6105130,BONTI,10535,9755,20290
6105140,PARINDU,16655,15682,32337
6105150,TAYAN HILIR,15700,14335,30035
6105160,BALAI,11600,10620,22220
6105170,TAYAN HULU,16035,14829,30864
6105180,KEMBAYAN,13367,12655,26022
6105190,BEDUWAI,5553,5191,10744
6105200,NOYAN,5227,4645,9872
6105210,SEKAYAM,15396,14068,29464
6105220,ENTIKONG,7737,6880,14617
6106,KETAPANG,222149,205009,427158
6106010,KENDAWANGAN,17119,15320,32439
6106020,MANIS MATA,13039,11569,24608
6106030,MARAU,6254,5594,11848
6106031,SINGKUP,3288,2896,6184
6106032,AIR UPAS,8806,7713,16519
6106040,JELAI HULU,8141,7579,15720
6106050,TUMBANG TITI,12131,10946,23077
6106051,PEMAHAN,2477,2096,4573
6106052,SUNGAI MELAYU RAYAK,6407,5239,11646
6106060,MATAN HILIR SELATAN,15685,14883,30568
6106061,BENUA KAYONG,17676,17559,35235
6106070,MATAN HILIR UTARA,7495,7224,14719
6106071,DELTA PAWAN,35809,35398,71207
6106072,MUARA PAWAN,6643,6468,13111
6106090,NANGA TAYAP,14556,12935,27491
6106100,SANDAI,12858,11862,24720
6106101,HULU SUNGAI,6149,5440,11589
6106110,SUNGAI LAUR,8904,7755,16659
6106120,SIMPANG HULU,14746,13008,27754
6106121,SIMPANG DUA,3966,3525,7491
6107,SINTANG,187667,176185,363852
6107060,SERAWAI,11219,10596,21815
6107070,AMBALAU,6637,6233,12870
6107080,KAYAN HULU,11064,10945,22009
6107110,SEPAUK,24113,22277,46390
6107120,TEMPUNAK,14071,12788,26859
6107130,SUNGAI TEBELIAN,15052,13915,28967
6107140,SINTANG,30007,29027,59034
6107150,DEDAI,14220,13366,27586
6107160,KAYAN HILIR,12566,11703,24269
6107170,KELAM PERMAI,7871,7418,15289
6107180,BINJAI HULU,5834,5402,11236
6107190,KETUNGAU HILIR ,10606,9872,20478
6107200,KETUNGAU TENGAH,14136,13256,27392
6107210,KETUNGAU HULU,10271,9387,19658
6108,KAPUAS HULU,113036,108916,221952
6108010,SILAT HILIR,8970,8189,17159
6108020,SILAT HULU,5546,5206,10752
6108030,HULU GURUNG,6207,6241,12448
6108040,BUNUT HULU,6675,6327,13002
6108050,MENTEBAH,4553,4309,8862
6108060,BIKA,2175,2049,4224
6108070,KALIS,5998,5815,11813
6108080,PUTUSSIBAU SELATAN,6539,6354,12893
6108081,HULU KAPUAS,3012,2840,5852
6108090,EMBALOH HILIR,2761,2610,5371
6108100,BUNUT HILIR,4339,4216,8555
6108110,BOYAN TANJUNG,5244,4898,10142
6108120,PENGKADAN,3976,3991,7967
6108130,JONGKONG,4929,4934,9863
6108140,SELIMBAU,5049,5076,10125
6108141,DANAU SENTARUM,1992,1876,3868
6108150,SUHAID,4162,3978,8140
6108160,SEBERUANG,5333,4975,10308
6108170,SEMITAU,4008,4069,8077
6108180,EMPANANG,1448,1434,2882
6108190,PURING KENCANA,1157,1058,2215
6108200,BADAU,2556,2484,5040
6108210,BATANG LUPAR,2225,2336,4561
6108220,EMBALOH HULU,2292,2300,4592
6108230,PUTUSSIBAU UTARA,11890,11351,23241
6109,SEKADAU,93927,87450,181377
6109010,NANGA MAHAP,12935,11746,24681
6109020,NANGA TAMAN,13020,12038,25058
6109030,SEKADAU HULU,12948,12065,25013
6109040,SEKADAU HILIR,28546,27348,55894
6109050,BELITANG HILIR,10706,9781,20487
6109060,BELITANG,6079,5458,11537
6109070,BELITANG HULU,9693,9014,18707
6110,MELAWI,91700,87886,179586
6110010,SOKAN,7374,7355,14729
6110020,TANAH PINOH,7320,6991,14311
6110021,TANAH PINOH BARAT,5890,5567,11457
6110030,SAYAN,7911,7707,15618
6110040,BELIMBING,10442,9646,20088
6110041,BELIMBING HULU,4603,4159,8762
6110050,NANGA PINOH,20464,20056,40520
6110051,PINOH SELATAN ,5062,4804,9866
6110052,PINOH UTARA,5870,5644,11514
6110060,ELLA HILIR,7885,7457,15342
6110070,MENUKUNG,8879,8500,17379
6111,KAYONG UTARA,48924,46681,95605
6111010,PULAU MAYA KARIMATA,8519,8109,16628
6111020,SUKADANA,10848,10545,21393
6111030,SIMPANG HILIR,14416,13807,28223
6111040,TELUK BATANG,9815,9297,19112
6111050,SEPONTI,5326,4923,10249
6112,KUBURAYA,255211,247038,502249
6112010,BATU AMPAR,16898,16170,33068
6112020,TERENTANG,5346,4848,10194
6112030,KUBU,18431,18045,36476
6112040,TELOK PA'KEDAI,9580,9190,18770
6112050,SUNGAI KAKAP,50993,50201,101194
6112060,RASAU JAYA,11882,11607,23489
6112070,SUNGAI RAYA,94925,92072,186997
6112080,SUNGAI AMBAWANG,35097,33143,68240
6112090,KUALA MANDOR B,12059,11762,23821
6171,KOTA PONTIANAK,276492,275491,551983
6171010,PONTIANAK SELATAN,40635,41051,81686
6171011,PONTIANAK TENGGARA,22125,23014,45139
6171020,PONTIANAK TIMUR,40102,39599,79701
6171030,PONTIANAK BARAT,62274,61198,123472
6171031,PONTIANAK KOTA,54338,55422,109760
6171040,PONTIANAK UTARA,57018,55207,112225
6172,KOTA SINGKAWANG,95323,90983,186306
6172010,SINGKAWANG SELATAN,21699,19761,41460
6172020,SINGKAWANG TIMUR,10207,8905,19112
6172030,SINGKAWANG UTARA,11089,10900,21989
6172040,SINGKAWANG BARAT,23549,23328,46877
6172050,SINGKAWANG TENGAH,28779,28089,56868
6200,KALIMANTAN TENGAH,1147878,1054721,2202599
6201,KOTAWARINGIN BARAT,124475,110799,235274
6201040,KOTAWARINGIN LAMA,9014,8015,17029
6201050,ARUT SELATAN,50947,46810,97757
6201060,KUMAI,24304,22229,46533
6201061,PANGKALAN BANTENG,16557,14156,30713
6201062,PANGKALAN LADA,14797,13021,27818
6201070,ARUT UTARA,8856,6568,15424
6202,KOTAWARINGIN TIMUR,197213,176629,373842
6202020,MENTAYA HILIR SELATAN,10558,10245,20803
6202021,TELUK SAMPIT,4628,4301,8929
6202050,PULAU HANAUT,7839,7603,15442
6202060,MENTAWA BARUKETAPANG,39980,37121,77101
6202061,SERANAU,4936,4646,9582
6202070,MENTAYA HILIR UTARA,8590,7194,15784
6202110,KOTA BESI,7719,7292,15011
6202111,TELAWANG,9420,7443,16863
6202120,BAAMANG,26254,25176,51430
6202190,CEMPAGA,9841,9278,19119
6202191,CEMPAGA HULU,12260,10465,22725
6202200,PARENGGEAN,19554,16152,35706
6202210,MENTAYA HULU,15556,12998,28554
6202211,BUKIT SANTUAI ,4328,3712,8040
6202230,ANTANG KALANG,15750,13003,28753
6203,KAPUAS,167945,161461,329406
6203020,KAPUAS KUALA,9502,9274,18776
6203021,TAMBAN CATUR,7330,7074,14404
6203030,KAPUAS TIMUR,11631,11749,23380
6203040,SELAT,28559,28313,56872
6203041,BATAGUH,17092,16507,33599
6203070,BASARANG,9218,8827,18045
6203080,KAPUAS HILIR,6590,6415,13005
6203090,PULAU PETAK,9424,9402,18826
6203100,KAPUAS MURUNG,12551,12243,24794
6203101,DADAHUP,5880,5439,11319
6203110,KAPUAS BARAT,9475,8931,18406
6203150,MANTANGAI,18507,16963,35470
6203160,TIMPAH,4926,4626,9552
6203170,KAPUAS TENGAH,7359,6690,14049
6203171,PASAK TALAWANG,3120,2828,5948
6203180,KAPUAS HULU,3965,3643,7608
6203181,MANDAU TALAWANG,2816,2537,5353
6204,BARITO SELATAN,63169,60822,123991
6204010,JENAMAS,4508,4552,9060
6204020,DUSUN HILIR,8071,7574,15645
6204030,KARAU KUALA,7623,7665,15288
6204040,DUSUN SELATAN,25212,24597,49809
6204050,DUSUN UTARA,8278,7848,16126
6204060,GUNUNG BINTANG AWAI,9477,8586,18063
6205,BARITO UTARA,62689,58190,120879
6205010,MONTALAT,5463,5164,10627
6205020,GUNUNG TIMANG,5180,4855,10035
6205030,GUNUNG PUREI,1261,1167,2428
6205040,TEWEH TIMUR,3788,3432,7220
6205050,TEWEH TENGAH,35891,33289,69180
6205060,LAHEI,11106,10283,21389
6206,SUKAMARA,23821,21017,44838
6206010,JELAI,2249,2134,4383
6206011,PANTAI LUNCI,2471,2374,4845
6206020,SUKAMARA,10310,9238,19548
6206030,BALAI RIAM,3576,3070,6646
6206031,PERMATA KECUBUNG,5215,4201,9416
6207,LAMANDAU,33436,29340,62776
6207010,BULIK,11561,10112,21673
6207011,SEMATU JAYA,4667,4050,8717
6207012,MENTHOBI RAYA,4860,4139,8999
6207013,BULIK TIMUR ,3439,3012,6451
6207020,LAMANDAU,2824,2512,5336
6207021,BELANTIKAN RAYA,2286,2041,4327
6207030,DELANG,2580,2292,4872
6207031,BATANGKAWA,1219,1182,2401
6208,SERUYAN,74988,64455,139443
6208010,SERUYAN HILIR,18942,17367,36309
6208020,DANAU SEMBULUH,16217,13004,29221
6208030,HANAU,18966,15630,34596
6208040,SERUYAN TENGAH,14546,12742,27288
6208050,SERUYAN HULU,6317,5712,12029
6209,KATINGAN,73591,67759,141350
6209010,KATINGAN KUALA,10156,9485,19641
6209020,MENDAWAI,1995,1840,3835
6209030,KAMIPANG,3208,3025,6233
6209040,TASIK PAYAWAN,3153,2965,6118
6209050,KATINGAN HILIR,16343,15420,31763
6209060,TEWANG SANGALANG GARING,6017,5545,11562
6209070,PULAU MALAN,4362,4187,8549
6209080,KATINGAN TENGAH,12402,11035,23437
6209090,SANAMAN MANTIKEI,5031,4503,9534
6209091,PETAK MALAI,1879,1643,3522
6209100,MARIKIT,3255,3057,6312
6209110,KATINGAN HULU,4184,3788,7972
6209111,BUKIT RAYA,1606,1266,2872
6210,PULANG PISAU,62385,57245,119630
6210010,KAHAYAN KUALA,10087,9608,19695
6210011,SEBANGAU KUALA,4168,3489,7657
6210020,PANDIH BATU,10397,9411,19808
6210030,MALIKU,11865,11120,22985
6210040,KAHAYAN HILIR,13331,12495,25826
6210041,JABIREN RAYA,4303,3607,7910
6210050,KAHAYAN TENGAH,3850,3512,7362
6210060,BANAMATINGANG,4384,4003,8387
6211,GUNUNG MAS,51385,45453,96838
6211010,MANUHING,3911,3377,7288
6211011,MANUHING RAYA,2627,2341,4968
6211020,RUNGAN,7436,6556,13992
6211021,RUNGAN HULU,3469,3075,6544
6211030,SEPANG,3252,2862,6114
6211031,MIHING RAYA,2569,2265,4834
6211040,KURUN,11534,10170,21704
6211050,TEWAH,8841,7797,16638
6211060,KAHAYAN HULU UTARA,3899,3568,7467
6211061,DAMANG BATU,1932,1707,3639
6211062,MIRI MANASA ,1915,1735,3650
6212,BARITO TIMUR,49984,47096,97080
6212010,BENUA LIMA,3191,2876,6067
6212020,DUSUN TIMUR,10792,10479,21271
6212030,AWANG,2804,2702,5506
6212040,PATANGKEP TUTUI,3801,3376,7177
6212050,DUSUN TENGAH,11490,11041,22531
6212060,PEMATANG KARAU,5792,5426,11218
6212070,PAJU EPAT,2090,1904,3994
6212080,RAREN BATUAH,4001,3628,7629
6212090,PAKU,3904,3656,7560
6212100,KARUSEN JANANG,2119,2008,4127
6213,MURUNG RAYA,50428,46601,97029
6213010,PERMATA INTAN,5587,5346,10933
6213011,SUNGAI BABUAT,1179,1036,2215
6213020,MURUNG,15530,14409,29939
6213030,LAUNG TUHUP,9509,9018,18527
6213031,BARITO TUHUP RAYA,2240,2002,4242
6213040,TANAH SIANG,6459,6001,12460
6213041,TANAH SIANG SELATAN,2474,2347,4821
6213050,SUMBER BARITO,4060,3679,7739
6213051,SERIBU RIAM,1979,1601,3580
6213052,UUT MURUNG,1411,1162,2573
6271,KOTA PALANGKA RAYA,112369,107854,220223
6271010,PAHANDUT,39325,37871,77196
6271011,SEBANGAU,7378,6889,14267
6271012,JEKAN RAYA,58046,56063,114109
6271020,BUKIT BATU,6061,5639,11700
6271021,RAKUMPIT,1559,1392,2951
6300,KALIMANTAN SELATAN,1834928,1791191,3626119
6301,TANAH LAUT,152426,143856,296282
6301010,PANYIPATAN,10591,10536,21127
6301020,TAKISUNG,14065,13858,27923
6301030,KURAU,5800,5770,11570
6301031,BUMI MAKMUR,5965,5875,11840
6301040,BATI - BATI,19819,18856,38675
6301050,TAMBANG ULANG,7640,7285,14925
6301060,PELAIHARI,32764,31144,63908
6301061,BAJUIN,8259,7732,15991
6301070,BATU AMPAR,12042,11202,23244
6301080,JORONG,15354,13553,28907
6301090,KINTAP,20127,18045,38172
6302,KOTABARU,151964,138687,290651
6302010,PULAU SEMBILAN,2858,2789,5647
6302020,PULAU LAUT BARAT,9471,9151,18622
6302030,PULAU LAUT SELATAN,4483,4302,8785
6302031,PULAU LAUT KEPULAUAN,5326,5470,10796
6302040,PULAU LAUT TIMUR,6787,6018,12805
6302050,PULAU SEBUKU,3739,3475,7214
6302060,PULAU LAUT UTARA,41374,38756,80130
6302061,PULAU LAUT TENGAH,4914,4468,9382
6302120,KELUMPANG SELATAN ,4802,4389,9191
6302121,KELUMPANG HILIR,10629,9433,20062
6302130,KELUMPANG HULU,7607,6855,14462
6302140,HAMPANG,5440,4713,10153
6302150,SUNGAI DURIAN,5626,4792,10418
6302160,KELUMPANG TENGAH,6454,6049,12503
6302161,KELUMPANG BARAT,2823,2512,5335
6302170,KELUMPANG UTARA,2723,2579,5302
6302180,PAMUKAN SELATAN,6817,6090,12907
6302190,SAMPANAHAN,5226,4622,9848
6302200,PAMUKAN UTARA,9847,8207,18054
6302210,PAMUKAN BARAT,5018,4017,9035
6303,BANJAR,256851,249353,506204
6303010,ALUH - ALUH,13664,13658,27322
6303011,BERUNTUNG BARU,6505,6681,13186
6303020,GAMBUT,18203,18038,36241
6303030,KERTAK HANYAR,19325,19173,38498
6303031,TATAH MAKMUR,5537,5435,10972
6303040,SUNGAI TABUK,28544,27999,56543
6303050,MARTAPURA,51720,49706,101426
6303051,MARTAPURA TIMUR,15705,13494,29199
6303052,MARTAPURA BARAT,8704,8272,16976
6303060,ASTAMBUL,16519,16468,32987
6303070,KARANG INTAN,15443,15188,30631
6303080,ARANIO,4216,4032,8248
6303090,SUNGAI PINANG,7566,6840,14406
6303091,PARAMASAN,2192,2027,4219
6303100,PENGARON,7890,7794,15684
6303101,SAMBUNG MAKMUR,5298,5244,10542
6303110,MATARAMAN,11904,11797,23701
6303120,SIMPANG EMPAT,16338,15958,32296
6303121,TELAGA BAUNTUNG,1578,1549,3127
6304,BARITO KUALA,138195,137871,276066
6304010,TABUNGANEN,9614,9485,19099
6304020,TAMBAN,15713,15393,31106
6304030,MEKAR SARI,8086,8200,16286
6304040,ANJIR PASAR,7582,7747,15329
6304050,ANJIR MUARA,9764,9689,19453
6304060,ALALAK,25505,25773,51278
6304070,MANDASTANA,7004,7005,14009
6304071,JEJANGKIT,3106,2962,6068
6304080,BELAWANG,6373,6320,12693
6304090,WANARAYA,6259,6107,12366
6304100,BARAMBAI,7064,6960,14024
6304110,RANTAU BADAUH,7103,7016,14119
6304120,CERBON ,4217,4191,8408
6304130,BAKUMPAI,4681,4637,9318
6304140,MARABAHAN,9456,9656,19112
6304150,TABUKAN,4029,4061,8090
6304160,KURIPAN,2639,2669,5308
6305,TAPIN,84532,83264,167796
6305010,BINUANG,13782,13517,27299
6305011,HATUNGUN,4005,4010,8015
6305020,TAPIN SELATAN,8951,9028,17979
6305021,SALAM BABARIS,5712,5345,11057
6305030,TAPIN TENGAH,8908,8680,17588
6305040,BUNGUR,5853,5768,11621
6305050,PIANI,2746,2626,5372
6305060,LOKPAIKAT,4438,4477,8915
6305070,TAPIN UTARA,11714,11448,23162
6305080,BAKARANGAN,4269,4348,8617
6305090,CANDI LARAS SELATAN,6048,6008,12056
6305100,CANDI LARAS UTARA,8106,8009,16115
6306,HULU SUNGAI SELATAN,105884,106794,212678
6306010,PADANG BATUNG,9736,9751,19487
6306020,LOKSADO,4144,4034,8178
6306030,TELAGA LANGSAT,4473,4472,8945
6306040,ANGKINANG,8363,8336,16699
6306050,KANDANGAN,23080,23380,46460
6306060,SUNGAI RAYA,7903,8211,16114
6306070,SIMPUR,6730,7131,13861
6306080,KALUMPANG,3021,2987,6008
6306090,DAHA SELATAN,19719,19606,39325
6306091,DAHA BARAT,3698,3546,7244
6306100,DAHA UTARA,15017,15340,30357
6307,HULU SUNGAI TENGAH,121429,121960,243389
6307010,HARUYAN,10173,10294,20467
6307020,BATU BENAWA,9078,9288,18366
6307030,HANTAKAN,5895,5737,11632
6307040,BATANG ALAI SELATAN,10720,11143,21863
6307041,BATANG ALAI TIMUR,3559,3412,6971
6307050,BARABAI,26294,26355,52649
6307060,LABUAN AMAS SELATAN,12843,13438,26281
6307070,LABUAN AMAS UTARA,13818,13467,27285
6307080,PANDAWAN,15439,15333,30772
6307090,BATANG ALAI UTARA,8643,8640,17283
6307091,LIMPASU,4967,4853,9820
6308,HULU SUNGAI UTARA,102194,106843,209037
6308010,DANAU PANGGANG ,9565,10093,19658
6308011,PAMINGGIR,3594,3521,7115
6308020,BABIRIK,8823,8988,17811
6308030,SUNGAI PANDAN,12555,13367,25922
6308031,SUNGAI TABUKAN,6677,7099,13776
6308040,AMUNTAI SELATAN,12953,13511,26464
6308050,AMUNTAI TENGAH,23785,24180,47965
6308060,BANJANG,8177,8011,16188
6308070,AMUNTAI UTARA,9348,10625,19973
6308071,HAUR GADING,6717,7448,14165
6309,TABALONG,111172,107782,218954
6309010,BANUA LAWAS,8692,9295,17987
6309020,PUGAAN,3171,3301,6472
6309030,KELUA,11201,11521,22722
6309040,MUARA HARUS,2894,3016,5910
6309050,TANTA,8695,8348,17043
6309060,TANJUNG,16405,16053,32458
6309070,MURUNG PUDAK,23890,21042,44932
6309080,HARUAI,10355,10234,20589
6309081,BINTANG ARA,4101,3869,7970
6309090,UPAU,3532,3509,7041
6309100,MUARA UYA,11077,10615,21692
6309110,JARO,7159,6979,14138
6310,TANAH BUMBU,139498,128415,267913
6310010,KUSAN HILIR,21584,21245,42829
6310020,SUNGAI LOBAN,9744,9087,18831
6310030,SATUI,25882,23219,49101
6310031,ANGSANA,8579,7783,16362
6310040,KUSAN HULU,9874,9053,18927
6310041,KURANJI,3930,3603,7533
6310050,BATU LICIN,6904,6555,13459
6310051,KARANG BINTANG,8356,7680,16036
6310052,SIMPANG EMPAT,35723,32203,67926
6310053,MANTEWE,8922,7987,16909
6311,BALANGAN,56424,55971,112395
6311010,LAMPIHONG,7807,7916,15723
6311020,BATU MANDI,8137,7959,16096
6311030,AWAYAN,5936,6116,12052
6311031,TEBING TINGGI,2998,2929,5927
6311040,PARINGIN,8481,8370,16851
6311041,PARINGIN SELATAN,5733,5699,11432
6311050,JUAI,7893,7800,15693
6311060,HALONG,9439,9182,18621
6371,KOTA BANJARMASIN,312421,312974,625395
6371010,BANJARMASIN SELATAN ,73401,72557,145958
6371020,BANJARMASIN TIMUR,55687,56215,111902
6371030,BANJARMASIN BARAT,72562,70840,143402
6371031,BANJARMASIN TENGAH,45073,46707,91780
6371040,BANJARMASIN UTARA,65698,66655,132353
6372,KOTA BANJARBARU,101938,97421,199359
6372010,LANDASAN ULIN,26428,25047,51475
6372011,LIANG ANGGANG,17674,16894,34568
6372020,CEMPAKA,14634,13694,28328
6372031,BANJAR BARU UTARA,21757,20894,42651
6372032,BANJAR BARU SELATAN,21445,20892,42337
6400,KALIMANTAN TIMUR,1868196,1682390,3550586
6401,PASIR,123282,108311,231593
6401010,BATU SOPANG,13392,9706,23098
6401011,MUARA SAMU,2338,2081,4419
6401021,BATU ENGAU,5798,4950,10748
6401022,TANJUNG HARAPAN,4125,3737,7862
6401030,PASIR BELENGKONG,12221,10900,23121
6401040,TANAH GROGOT,33331,30829,64160
6401050,KUARO,12652,11148,23800
6401060,LONG IKIS,19512,17257,36769
6401070,MUARA KOMAM,6839,6147,12986
6401080,LONG KALI,13074,11556,24630
6402,KUTAI BARAT,87782,78152,165934
6402010,BONGAN,4784,4067,8851
6402020,JEMPANG,5958,5304,11262
6402030,PENYINGGAHAN,2000,1826,3826
6402040,MUARA PAHU,4298,3927,8225
6402041,SILUQ NGURAI,2259,2011,4270
6402050,MUARA LAWA,3450,3129,6579
6402051,BENTIAN BESAR,1748,1356,3104
6402060,DAMAI,4537,3821,8358
6402061,NYUATAN,2837,2606,5443
6402070,BARONG TONGKOK ,12710,11316,24026
6402071,LINGGANG BIGUNG,7190,6467,13657
6402080,MELAK,5826,5261,11087
6402081,SEKOLAQ DARAT,4446,3970,8416
6402082,MANOR BULATN,3940,3534,7474
6402090,LONG IRAM,3574,3226,6800
6402091,TERING,5001,4519,9520
6402100,LONG HUBUNG,3319,3043,6362
6402101,LAHAM,1248,1032,2280
6402110,LONG BAGUN,4158,3782,7940
6402120,LONG PAHANGAI,2309,2052,4361
6402130,LONG APARI,2190,1903,4093
6403,KUTAI KARTANEGARA,329992,296294,626286
6403010,SEMBOJA,29108,25592,54700
6403020,MUARA JAWA,17684,16151,33835
6403030,SANGA SANGA,9152,8459,17611
6403040,LOA JANAN,28674,27215,55889
6403050,LOA KULU,20803,19063,39866
6403060,MUARA MUNTAI,9046,8176,17222
6403070,MUARA WIS,4465,4041,8506
6403080,KOTA BANGUN,16374,14962,31336
6403090,TENGGARONG,50375,45702,96077
6403100,SEBULU,19351,17149,36500
6403110,TENGGARONG SEBERANG,32874,28419,61293
6403120,ANGGANA,17442,15347,32789
6403130,MUARA BADAK,20897,18944,39841
6403140,MARANG KAYU,12328,11188,23516
6403150,MUARA KAMAN,18070,15898,33968
6403160,KENOHAN,5205,4642,9847
6403170,KEMBANG JANGGUT,12976,10863,23839
6403180,TABANG,5168,4483,9651
6404,KUTAI TIMUR,137938,115966,253904
6404010,MUARA ANCALONG,6609,5965,12574
6404011,BUSANG,2243,1959,4202
6404012,LONG MESANGAT,2363,2033,4396
6404020,MUARA WAHAU,7725,6506,14231
6404021,TELEN,3179,2679,5858
6404022,KONGBENG,8387,7046,15433
6404030,MUARA BENGKAL,6067,5572,11639
6404031,BATU AMPAR,2181,2049,4230
6404040,SANGATTA UTARA,40193,32689,72882
6404041,BENGALON,12394,10400,22794
6404042,TELUK PANDAN,6493,5592,12085
6404043,SANGATTA SELATAN,9796,8438,18234
6404044,RANTAU PULUNG,3771,3211,6982
6404050,SANGKULIRANG ,8087,7002,15089
6404051,KALIORANG,4256,3758,8014
6404052,SANDARAN,3549,2954,6503
6404053,KAUBUN,5300,4207,9507
6404054,KARANGAN,5345,3906,9251
6405,BERAU,96708,82736,179444
6405010,KELAY,2498,1992,4490
6405020,TALISAYAN,5531,4505,10036
6405021,TABALAR,2778,2301,5079
6405030,BIDUK-BIDUK,2774,2581,5355
6405040,PULAU DERAWAN,4552,3847,8399
6405041,MARATUA,1589,1490,3079
6405050,SAMBALIUNG,12987,11093,24080
6405060,TANJUNG REDEB,33303,29554,62857
6405070,GUNUNG TABUR,8226,6813,15039
6405080,SEGAH,4905,3789,8694
6405090,TELUK BAYUR,11106,9482,20588
6405100,BATU PUTIH,3683,3006,6689
6405110,BIATAN,2776,2283,5059
6406,MALINAU,33660,28763,62423
6406010,KAYAN HULU,1399,1136,2535
6406011,SUNGAI BOH,1169,983,2152
6406012,KAYAN SELATAN,865,841,1706
6406020,KAYAN HILIR,753,599,1352
6406030,PUJUNGAN,1027,813,1840
6406031,BAHAU HULU,808,670,1478
6406040,MALINAU KOTA,10298,8769,19067
6406041,MALINAU SELATAN,4455,3474,7929
6406042,MALINAU BARAT,4338,3841,8179
6406043,MALINAU UTARA,5387,4697,10084
6406050,MENTARANG,2755,2558,5313
6406051,MENTARANG HULU,406,382,788
6407,BULUNGAN,60422,52623,113045
6407010,PESO,2542,2073,4615
6407011,PESO HILIR,1912,1615,3527
6407020,TANJUNG PALAS,7321,6694,14015
6407021,TANJUNG PALAS BARAT,3140,2678,5818
6407022,TANJUNG PALAS UTARA,4881,4182,9063
6407023,TANJUNG PALAS TIMUR,4721,3909,8630
6407024,TANJUNG SELOR,20985,18443,39428
6407025,TANJUNG PALAS TENGAH,3997,3524,7521
6407030,SEKATAK,4879,4394,9273
6407050,BUNYU,6044,5111,11155
6408,NUNUKAN,75247,65595,140842
6408010,KRAYAN ,3887,3358,7245
6408011,KRAYAN SELATAN,1206,1050,2256
6408020,LUMBIS,5127,4779,9906
6408030,SEMBAKUNG,4283,3870,8153
6408040,NUNUKAN,28669,24977,53646
6408041,SEBUKU,8276,6623,14899
6408042,NUNUKAN SELATAN,6722,5561,12283
6408050,SEBATIK,11602,10452,22054
6408051,SEBATIK BARAT,5475,4925,10400
6409,PENAJAM PU,74705,67988,142693
6409010,BABULU,15472,13994,29466
6409020,WARU,8169,7453,15622
6409030,PENAJAM,35022,31791,66813
6409040,SEPAKU,16042,14750,30792
6410,TANA TIDUNG,8364,6783,15147
6410010,SESAYAP,4529,3976,8505
6410020,SESAYAP HILIR,2714,1861,4575
6410030,TANA LIA,1121,946,2067
6471,KOTA BALIKPAPAN,289560,269636,559196
6471010,BALIKPAPAN SELATAN,100200,92235,192435
6471020,BALIKPAPAN TIMUR,31928,29419,61347
6471030,BALIKPAPAN UTARA,63634,59869,123503
6471040,BALIKPAPAN TENGAH,50429,47772,98201
6471050,BALIKPAPAN BARAT,43369,40341,83710
6472,KOTA SAMARINDA,376238,349985,726223
6472010,PALARAN,25639,23615,49254
6472020,SAMARINDA ILIR,62386,58149,120535
6472030,SAMARINDA SEBERANG,58609,54744,113353
6472040,SUNGAI KUNJANG,58010,55252,113262
6472050,SAMARINDA ULU,65578,60521,126099
6472060,SAMARINDA UTARA,106016,97704,203720
6473,KOTA TARAKAN,101464,91605,193069
6473010,TARAKAN TIMUR,22712,20197,42909
6473020,TARAKAN TENGAH,31334,29063,60397
6473030,TARAKAN BARAT,35652,32128,67780
6473040,TARAKAN UTARA,11766,10217,21983
6474,KOTA BONTANG,72834,67953,140787
6474010,BONTANG SELATAN,29842,27205,57047
6474020,BONTANG UTARA,29921,28908,58829
6474030,BONTANG BARAT,13071,11840,24911
7100,SULAWESI UTARA,1157559,1108378,2265937
7101,BOOLANG MONGONDOW,111013,102210,213223
7101021,DUMOGA BARAT,13847,12703,26550
7101022,DUMOGA UTARA,11108,10157,21265
7101023,DUMOGA TIMUR,16698,15446,32144
7101060,LOLAYAN,12141,10931,23072
7101081,PASSI BARAT,7808,7112,14920
7101082,PASSI TIMUR,5847,5411,11258
7101083,BILALANG,3132,2927,6059
7101090,POIGAR,8800,8198,16998
7101100,BOLAANG,8890,8206,17096
7101101,BOLAANG TIMUR,4835,4763,9598
7101110,LOLAK,12937,11760,24697
7101120,SANGTOMBOLANG,4970,4596,9566
7102,MINAHASA,158759,151117,309876
7102091,LANGOWAN TIMUR,6196,6011,12207
7102092,LANGOWAN BARAT,7690,7386,15076
7102093,LANGOWAN SELATAN,3858,3559,7417
7102094,LANGOWAN UTARA,4165,3817,7982
7102110,TOMPASO,7776,7302,15078
7102120,KAWANGKOAN,13323,12552,25875
7102130,SONDER,8845,8563,17408
7102160,TOMBARIRI ,13119,12562,25681
7102170,PINELENG,23080,21844,44924
7102171,TOMBULU,7641,7377,15018
7102190,TONDANO BARAT,9510,9359,18869
7102191,TONDANO SELATAN,9896,9836,19732
7102200,REMBOKEN,5659,5318,10977
7102210,KAKAS,11009,10211,21220
7102220,LEMBEAN TIMUR,3956,3558,7514
7102230,ERIS,5086,4856,9942
7102240,KOMBI,5165,4855,10020
7102250,TONDANO TIMUR,7126,6640,13766
7102251,TONDANO UTARA,5659,5511,11170
7103,KEPULAUAN SANGIHE,63859,62274,126133
7103040,MANGANITU SELATAN,4989,4936,9925
7103041,TATOARENG,2253,2131,4384
7103050,TAMAKO,6576,6458,13034
7103060,TABUKAN SELATAN,3036,2824,5860
7103061,TABUKAN SELATAN TENGAH,1376,1319,2695
7103062,TABUKAN SELATAN TENGGARA,1082,1026,2108
7103070,TABUKAN TENGAH,5297,5010,10307
7103080,MANGANITU,6954,6944,13898
7103090,TAHUNA,7839,8018,15857
7103091,TAHUNA TIMUR,6144,6234,12378
7103092,TAHUNA BARAT,2722,2728,5450
7103100,TABUKAN UTARA,9950,9540,19490
7103101,NUSA TABUKAN,1585,1326,2911
7103102,KEPULAUAN MARORE,742,628,1370
7103110,KENDAHE,3314,3152,6466
7104,KEPULAUAN TALAUD,42681,40760,83441
7104010,KABARUAN,2819,2663,5482
7104011,DAMAU,2131,1994,4125
7104020,LIRUNG,3220,2918,6138
7104021,SALIBABU,2821,2740,5561
7104022,KALONGAN,1579,1479,3058
7104023,MORONGE,1769,1741,3510
7104030,MELONGUANE,5431,5004,10435
7104031,MELONGUANE TIMUR,1484,1474,2958
7104040,BEO,2766,2749,5515
7104041,BEO UTARA,1835,1764,3599
7104042,BEO SELATAN,1810,1689,3499
7104050,RAINIS,2969,3000,5969
7104051,TAMPA NA'MMA,2865,2630,5495
7104052,PULUTAN,994,960,1954
7104060,ESSANG,1775,1626,3401
7104061,ESSANG SELATAN,1633,1585,3218
7104070,GEMEH ,2740,2721,5461
7104080,NANUSA,1690,1645,3335
7104081,MIANGAS,350,378,728
7105,MINAHASA SELATAN,100886,94201,195087
7105010,MODOINDING,5829,5481,11310
7105020,TOMPASO BARU,6127,5617,11744
7105021,MAESAAN,4948,4697,9645
7105070,RANOYAPO,6165,5655,11820
7105080,MOTOLING,3709,3471,7180
7105081,KUMELEMBUAI,3472,3176,6648
7105082,MOTOLING BARAT,3950,3677,7627
7105083,MOTOLING TIMUR,4559,4098,8657
7105090,SINONSAYANG,7781,7224,15005
7105100,TENGA,8839,8276,17115
7105111,AMURANG,8295,7915,16210
7105112,AMURANG BARAT,7670,7244,14914
7105113,AMURANG TIMUR,6999,6527,13526
7105120,TARERAN,6238,5879,12117
7105121,SULTA,3661,3434,7095
7105130,TUMPAAN,8020,7512,15532
7105131,TATAPAAN,4624,4318,8942
7106,MINAHASA UTARA,95879,92588,188467
7106010,KEMA,7695,7285,14980
7106020,KAUDITAN,11852,11733,23585
7106030,AIRMADIDI,13480,13112,26592
7106040,KALAWAT,13391,13233,26624
7106050,DIMEMBE,11508,11105,22613
7106051,TALAWAAN,8981,8505,17486
7106060,WORI,9163,8803,17966
7106070,LIKUPANG BARAT,8761,8250,17011
7106080,LIKUPANG TIMUR,8426,8077,16503
7106081,LIKUPANG SELATAN,2622,2485,5107
7107,BOOLANG MONGONDOW UTARA,36155,34474,70629
7107010,SANGKUB,4598,4297,8895
7107020,BINTAUNA,6464,6147,12611
7107030,BOLANG ITANG TIMUR,6514,6361,12875
7107040,BOLANG ITANG BARAT,7216,6825,14041
7107050,KAIDIPANG,6271,6027,12298
7107060,PINOGALUMAN,5092,4817,9909
7108,KEPULAUAN SIAU TAGULANDANG BIARO,31428,32115,63543
7108010,BIARO,1623,1620,3243
7108020,TAGULANDANG SELATAN,2056,2073,4129
7108030,TAGULANDANG,5716,5848,11564
7108040,TAGULANDANG UTARA,2053,1975,4028
7108050,SIAU BARAT SELATAN,2024,2054,4078
7108060,SIAU TIMUR SELATAN,3584,3594,7178
7108070,SIAU BARAT ,3830,4002,7832
7108080,SIAU TENGAH,905,943,1848
7108090,SIAU TIMUR,7695,8055,15750
7108100,SIAU BARAT UTARA,1942,1951,3893
7109,MINAHASA TENGGARA,51981,48324,100305
7109010,RATATOTOK,6345,5794,12139
7109020,PUSOMAEN,4277,3928,8205
7109030,BELANG,7901,7293,15194
7109040,RATAHAN,6240,5882,12122
7109041,PASAN,3376,3225,6601
7109042,RATAHAN TIMUR,2849,2697,5546
7109050,TOMBATU,4663,4324,8987
7109051,TOMBATU TIMUR,4348,4097,8445
7109052,TOMBATU UTARA,3955,3705,7660
7109060,TOULUAAN,3213,2983,6196
7109061,TOULUAAN SELATAN,2147,1906,4053
7109062,SILIAN RAYA,2667,2490,5157
7110,BOOLANG MONGONDOW SELATAN,29493,27053,56546
7110010,POSIGADAN,8344,7781,16125
7110020,BOLANG UKI,10126,9435,19561
7110030,PINOLOSIAN,4750,4314,9064
7110040,PINOLOSIAN TENGAH,2694,2360,5054
7110050,PINOLOSIAN TIMUR,3579,3163,6742
7111,BOLANG MONGONDOW TIMUR,33246,30347,63593
7111010,NUANGAN,6763,6143,12906
7111020,TUTUYAN,5871,5327,11198
7111030,KOTABUNAN,5855,5136,10991
7111040,MODAYAG,9647,8964,18611
7111050,MODAYAG BARAT,5110,4777,9887
7171,KOTA MANADO,205095,203259,408354
7171010,MALALAYANG,29032,28652,57684
7171020,SARIO,11536,11625,23161
7171021,WANEA,27853,28099,55952
7171030,WENANG,15898,16444,32342
7171031,TIKALA,34276,33522,67798
7171040,MAPANGET,26038,25651,51689
7171051,SINGKIL,23528,23289,46817
7171052,TUMINTING,26284,25730,52014
7171053,BUNAKEN,10650,10247,20897
7172,KOTA BITUNG,96167,91765,187932
7172010,MADIDIR,16717,16653,33370
7172011,MATUARI ,13972,13375,27347
7172012,GIRIAN,14212,13619,27831
7172021,LEMBEH SELATAN,4699,4417,9116
7172022,LEMBEH UTARA,4338,4161,8499
7172030,AERTEMBAGA,14756,13555,28311
7172031,MAESA,18756,17449,36205
7172040,RANOWULU,8717,8536,17253
7173,KOTA TOMOHON,46212,45380,91592
7173010,TOMOHON SELATAN,10882,10265,21147
7173020,TOMOHON TENGAH,9708,10378,20086
7173021,TOMOHON TIMUR,5247,5025,10272
7173022,TOMOHON BARAT,7256,6917,14173
7173030,TOMOHON UTARA,13119,12795,25914
7174,KOTA KOTAMOBAGU,54705,52511,107216
7174010,KOTAMOBAGU SELATAN,14421,13566,27987
7174020,KOTAMOBAGU TIMUR,13439,12800,26239
7174030,KOTAMOBAGU BARAT,18990,18544,37534
7174040,KOTAMOBAGU UTARA,7855,7601,15456
7200,SULAWESI TENGAH,1349225,1284195,2633420
7201,BANGGAI KEPULAUAN,86909,84776,171685
7201010,LABOBO,2686,2657,5343
7201011,BOKAN KEPULAUAN,5835,5726,11561
7201012,BANGKURUNG,4131,4065,8196
7201020,BANGGAI,10188,9831,20019
7201021,BANGGAI UTARA,3053,2959,6012
7201022,BANGGAI TENGAH,3157,3212,6369
7201023,BANGGAI SELATAN,2450,2358,4808
7201030,TOTIKUM,5057,4810,9867
7201031,TOTIKUM SELATAN,4037,3996,8033
7201040,TINANGKUNG,6684,6588,13272
7201041,TINANGKUNG SELATAN,3678,3519,7197
7201042,TINANGKUNG UTARA,3874,3793,7667
7201050,LIANG,4427,4344,8771
7201051,PELING TENGAH,4661,4579,9240
7201060,BULAGI,4827,4709,9536
7201061,BULAGI SELATAN,4955,4716,9671
7201062,BULAGI UTARA,4567,4321,8888
7201070,BUKO,4688,4665,9353
7201071,BUKO SELATAN,3954,3928,7882
7202,BANGGAI,165266,158606,323872
7202010,TOILI ,15883,14847,30730
7202011,TOILI BARAT,10852,9999,20851
7202012,MOILONG,9378,8740,18118
7202020,BATUI,7477,7276,14753
7202021,BATUI SELATAN,6622,6189,12811
7202030,BUNTA,9421,8993,18414
7202031,NUHON,9232,8603,17835
7202032,SIMPANG RAYA,7048,6544,13592
7202040,KINTOM,6458,6564,13022
7202050,LUWUK,36813,36819,73632
7202051,LUWUK TIMUR,5484,5064,10548
7202060,PAGIMANA,11365,10970,22335
7202061,BUALEMO,8750,8316,17066
7202062,LOBU,1670,1664,3334
7202070,LAMALA,6411,6071,12482
7202071,MASAMA,5408,5240,10648
7202080,BALANTAK,4696,4605,9301
7202081,BALANTAK SELATAN,2298,2102,4400
7203,MOROWALI,106922,99267,206189
7203010,MENUI KEPULAUAN,5927,6136,12063
7203020,BUNGKU SELATAN,8689,8580,17269
7203021,BAHODOPI,3519,3072,6591
7203030,BUNGKU TENGAH,14234,13537,27771
7203040,BUNGKU BARAT,5286,4749,10035
7203041,BUMI RAYA,5965,5521,11486
7203042,WITA PONDA,8815,8121,16936
7203050,LEMBO,10655,9638,20293
7203060,MORI ATAS,5506,4868,10374
7203061,MORI UTARA,3625,3189,6814
7203070,PETASIA,17525,16164,33689
7203071,SOYO JAYA,4312,3583,7895
7203080,BUNGKU UTARA,7565,7142,14707
7203081,MAMOSALATO,5299,4967,10266
7204,POSO,108748,100504,209252
7204010,PAMONA SELATAN,9634,8795,18429
7204011,PAMONA BARAT,4921,4417,9338
7204012,PAMONA TENGGARA,3365,3119,6484
7204020,LORE SELATAN,2935,2696,5631
7204021,LORE BARAT,1477,1340,2817
7204030,PAMONA UTARA,15608,14612,30220
7204031,PAMONA TIMUR,5025,4500,9525
7204040,LORE UTARA,6269,5564,11833
7204041,LORE TENGAH,2159,1877,4036
7204042,LORE TIMUR ,2675,2205,4880
7204043,LORE PEORE,1571,1368,2939
7204050,POSO PESISIR,10295,9756,20051
7204051,POSO PESISIR SELATAN,4610,4234,8844
7204052,POSO PESISIR UTARA,8222,7488,15710
7204060,LAGE,9504,8714,18218
7204070,POSO KOTA,10421,9837,20258
7204071,POSO KOTA UTARA,5599,5481,11080
7204072,POSO KOTA SELATAN,4458,4501,8959
7205,DONGGALA,142179,135057,277236
7205041,RIO PAKAVA,11435,10386,21821
7205051,PINEMBANI,2990,2827,5817
7205080,BANAWA,16336,15706,32042
7205081,BANAWA SELATAN,12126,11324,23450
7205082,BANAWA TENGAH,5209,4852,10061
7205090,LABUAN,6901,6410,13311
7205091,TANANTOVEA,7693,7478,15171
7205100,SINDUE,9207,9099,18306
7205101,SINDUE TOMBUSABORA,5835,5508,11343
7205102,SINDUE TOBATA,4517,4247,8764
7205120,SIRENJA,10303,9945,20248
7205130,BALAESANG,11572,11197,22769
7205131,BALAESANG TANJUNG,5302,5044,10346
7205140,DAMSOL,14875,14075,28950
7205160,SOJOL,13084,12382,25466
7205161,SOJOL UTARA,4794,4577,9371
7206,TOLI-TOLI,108081,103202,211283
7206010,DAMPAL SELATAN,10801,10593,21394
7206020,DAMPAL UTARA,7340,7039,14379
7206030,DONDO,10972,10415,21387
7206031,OGODEIDE,6060,5632,11692
7206032,BASIDONDO,5584,4906,10490
7206040,BAOLAN,32094,30935,63029
7206041,LAMPASIO,6263,5601,11864
7206050,GALANG,16069,15581,31650
7206060,TOLITOLI UTARA,8632,8334,16966
7206061,DAKO PAMEAN,4266,4166,8432
7207,BUOL,67892,64489,132381
7207010,LAKEA,4992,4695,9687
7207011,BIAU,13924,13506,27430
7207012,KARAMAT,4289,3997,8286
7207020,MOMUNU,7090,6808,13898
7207021,TILOAN,5179,4777,9956
7207030,BOKAT,6405,6225,12630
7207031,BUKAL,7074,6444,13518
7207040,BUNOBOGU ,4512,4372,8884
7207041,GADUNG,5816,5522,11338
7207050,PALELEH,5769,5499,11268
7207051,PALELEH BARAT,2842,2644,5486
7208,PARIGI MOUTONG,212729,200916,413645
7208010,SAUSU,11208,10286,21494
7208011,TORUE,9630,9092,18722
7208012,BALINGGI,8410,8021,16431
7208020,PARIGI,14381,13903,28284
7208021,PARIGI SELATAN,11163,10558,21721
7208022,PARIGI BARAT,3701,3435,7136
7208023,PARIGI UTARA,2917,2715,5632
7208024,PARIGI TENGAH,4137,4028,8165
7208030,AMPIBABO,10582,10026,20608
7208031,KASIMBAR,10513,9866,20379
7208032,TORIBULU,8481,7900,16381
7208033,SINIU,4451,4182,8633
7208040,TINOMBO,17872,16811,34683
7208041,TINOMBO SELATAN,13185,12418,25603
7208050,TOMINI,9188,8680,17868
7208051,MEPANGA,14015,13445,27460
7208052,PALASA,13503,12754,26257
7208060,MOUTONG,10306,10004,20310
7208061,BOLANO LAMBUNU,28630,26545,55175
7208062,TAOPA,6456,6247,12703
7209,TOJO UNA-UNA,70762,67118,137880
7209010,TOJO BARAT,5930,5424,11354
7209020,TOJO,6500,5988,12488
7209030,ULUBONGKA,8242,7554,15796
7209040,AMPANA TETE,11583,10702,22285
7209050,AMPANA KOTA,20264,20019,40283
7209060,UNA-UNA,6326,6125,12451
7209070,TOGEAN,4717,4373,9090
7209080,WALEA KEPULAUAN,5186,5096,10282
7209081,WALEA BESAR,2014,1837,3851
7210,SIGI,110530,104170,214700
7210010,PIPIKORO,4009,3792,7801
7210020,KULAWI SELATAN,4448,4017,8465
7210030,KULAWI,7334,6907,14241
7210040,LINDU,2442,2137,4579
7210050,NOKILALAKI,2861,2761,5622
7210060,PALOLO,14406,12962,27368
7210070,GUMBASA,6067,5615,11682
7210080,DOLO SELATAN,7476,6978,14454
7210090,DOLO BARAT,6374,6139,12513
7210100,TANAMBULAVA ,4058,3808,7866
7210110,DOLO,10631,9806,20437
7210120,SIGI BIROMARU,21880,20931,42811
7210130,MARAWOLA,10517,10496,21013
7210140,MARAWOLA BARAT,3214,3160,6374
7210150,KINOVARO,4813,4661,9474
7271,KOTA PALU,169207,166090,335297
7271010,PALU BARAT,49743,49048,98791
7271020,PALU SELATAN,61379,60524,121903
7271030,PALU TIMUR,38470,37262,75732
7271040,PALU UTARA,19615,19256,38871
7300,SULAWESI SELATAN,3921543,4111008,8032551
7301,SELAYAR,58376,63529,121905
7301010,PASIMARANNU,4124,4830,8954
7301011,PASILAMBENA,3276,3500,6776
7301020,PASIMASSUNGGU,3587,4029,7616
7301021,TAKABONERATE,6026,6263,12289
7301022,PASIMASSUNGGU TIMUR,3460,3851,7311
7301030,BONTOSIKUYU,6927,7363,14290
7301040,BONTOHARU,6056,6421,12477
7301041,BENTENG,10185,11094,21279
7301042,BONTOMANAI,6005,6225,12230
7301050,BONTOMATENE,5821,6744,12565
7301051,BUKI,2909,3209,6118
7302,BULUKUMBA,186649,208108,394757
7302010,GANTARANG,34072,36994,71066
7302020,UJUNG BULU,23213,24851,48064
7302021,UJUNG LOE,18675,20807,39482
7302030,BONTO BAHARI,10783,13162,23945
7302040,BONTOTIRO,10003,12775,22778
7302050,HERO LANGE-LANGE,10907,13190,24097
7302060,KAJANG,22376,24643,47019
7302070,BULUKUMPA,24333,26437,50770
7302080,RILAU ALE ,17789,19971,37760
7302090,KINDANG,14498,15278,29776
7303,BANTAENG,85677,91307,176984
7303010,BISSAPPU,15229,16137,31366
7303011,ULUERE,5332,5481,10813
7303012,SINOA,5758,6063,11821
7303020,BANTAENG,17854,18718,36572
7303021,EREMERASA,8884,9744,18628
7303030,TOMPOBULU,10854,12062,22916
7303031,PA'JUKUKANG,14232,14772,29004
7303032,GANTARANGKEKE,7534,8330,15864
7304,JENEPONTO,166152,176070,342222
7304010,BANGKALA,24199,25478,49677
7304011,BANGKALA BARAT,13046,13293,26339
7304020,TAMALATEA,19821,20575,40396
7304021,BONTORAMBA,16955,18037,34992
7304030,BINAMU,25525,26859,52384
7304031,TURATEA,14495,15396,29891
7304040,BATANG,9031,10088,19119
7304041,ARUNGKEKE,8743,9487,18230
7304042,TAROWANG,10804,11424,22228
7304050,KELARA,12618,13838,26456
7304051,RUMBIA,10915,11595,22510
7305,TAKALAR,129384,139787,269171
7305010,MANGARA BOMBANG,17505,19219,36724
7305020,MAPPAKASUNGGU,7204,7973,15177
7305021,SANROBONE,6230,7033,13263
7305030,POLOMBANGKENG SELATAN,12629,14147,26776
7305031,PATTALLASSANG,16535,18137,34672
7305040,POLOMBANGKENG UTARA,22136,23548,45684
7305050,GALESONG SELATAN,11310,12464,23774
7305051,GALESONG,18326,19025,37351
7305060,GALESONG UTARA,17509,18241,35750
7306,GOWA,320568,331761,652329
7306010,BONTONOMPO,18817,20488,39305
7306011,BONTONOMPO SELATAN,13702,14785,28487
7306020,BAJENG,30749,31580,62329
7306021,BAJENG BARAT,11171,11762,22933
7306030,PALLANGGA,48546,49826,98372
7306031,BAROMBONG,16915,17330,34245
7306040,SOMBA OPU,64442,65684,130126
7306050,BONTOMARANNU,15724,15905,31629
7306051,PATTALLASSANG,10869,10981,21850
7306060,PARANGLOE,8062,8349,16411
7306061,MANUJU ,6845,7229,14074
7306070,TINGGIMONCONG,11012,11145,22157
7306071,TOMBOLO PAO,13651,13238,26889
7306072,PARIGI,6226,6874,13100
7306080,BUNGAYA,7710,8163,15873
7306081,BONTOLEMPANGAN,6309,6903,13212
7306090,TOMPOBULU,14036,14954,28990
7306091,BIRINGBULU,15782,16565,32347
7307,SINJAI,110801,118135,228936
7307010,SINJAI BARAT,11414,11573,22987
7307020,SINJAI BORONG,7884,8017,15901
7307030,SINJAI SELATAN,17851,19185,37036
7307040,TELLU LIMPOE,15031,16437,31468
7307050,SINJAI TIMUR,13647,15316,28963
7307060,SINJAI TENGAH,12816,13171,25987
7307070,SINJAI UTARA,20910,22593,43503
7307080,BULUPODDO,7622,8065,15687
7307090,PULAU SEMBILAN,3626,3778,7404
7308,MAROS,155761,162477,318238
7308010,MANDAI,17545,17428,34973
7308011,MONCONGLOE,8480,8492,16972
7308020,MAROS BARU,11617,12223,23840
7308021,MARUSU,12378,12810,25188
7308022,TURIKALE,19737,21301,41038
7308023,LAU,11865,12343,24208
7308030,BONTOA,12920,13630,26550
7308040,BANTIMURUNG,13265,14552,27817
7308041,SIMBANG,10539,11462,22001
7308050,TANRALILI,12961,12140,25101
7308051,TOMPU BULU,6727,6944,13671
7308060,CAMBA,6049,6474,12523
7308061,CENRANA,6540,7124,13664
7308070,MALLAWA,5138,5554,10692
7309,PANGKAJENE DAN KEPULAUAN,147136,158622,305758
7309010,LIUKANG TANGAYA,8902,9312,18214
7309020,LIUKANG KALMAS,6307,6624,12931
7309030,LIUKANG TUPABBIRING,8365,8562,16927
7309031,LIUKANG TUPABBIRING UTARA,5924,6415,12339
7309040,PANGKAJENE,20121,21480,41601
7309041,MINASATENE,15895,17288,33183
7309050,BALOCCI,7520,7807,15327
7309051,TONDONG TALLASA,4250,4489,8739
7309060,BUNGORO,19054,19953,39007
7309070,LABAKKANG ,20442,23203,43645
7309080,MA'RANG,14298,15613,29911
7309091,SEGERI,9511,10543,20054
7309092,MANDALLE,6547,7333,13880
7310,BARRU,79617,86283,165900
7310010,TANETE RIAJA,10384,11505,21889
7310011,PUJANANTING,6265,6511,12776
7310020,TANETE RILAU,15644,17144,32788
7310030,BARRU,18519,19795,38314
7310040,SOPPENG RIAJA,8508,9099,17607
7310041,BALUSU,8307,9187,17494
7310050,MALLUSETASI,11990,13042,25032
7311,BONE,341335,375933,717268
7311010,BONTOCANI,7656,7699,15355
7311020,KAHU,17905,19510,37415
7311030,KAJUARA,16783,17763,34546
7311040,SALOMEKKO,7265,7696,14961
7311050,TONRA,6160,6658,12818
7311060,PATIMPENG,7543,8134,15677
7311070,LIBURENG,14536,14605,29141
7311080,MARE,12159,12877,25036
7311090,SIBULUE,15218,17444,32662
7311100,CINA,12119,13243,25362
7311110,BAREBBO,12314,14065,26379
7311120,PONRE,6437,6765,13202
7311130,LAPPARIAJA,11067,12093,23160
7311140,LAMURU,11361,12926,24287
7311141,TELLU LIMPOE,6827,6933,13760
7311150,BENGO,12153,13089,25242
7311160,ULAWENG,11435,13080,24515
7311170,PALAKKA,10257,11837,22094
7311180,AWANGPONE,13140,15429,28569
7311190,TELLU SIATTINGE,18416,21291,39707
7311200,AMALI,9334,11204,20538
7311210,AJANGALE,12581,14606,27187
7311220,DUA BOCCOE,13808,16131,29939
7311230,CENRANA,11090,12270,23360
7311710,TANETE RIATTANG BARAT,20863,22617,43480
7311720,TANETE RIATTANG,22815,25671,48486
7311730,TANETE RIATTANG TIMUR,20093,20297,40390
7312,SOPPENG,105325,118432,223757
7312010,MARIO RIWAWO,20672,23636,44308
7312020,LALABATA,21298,22991,44289
7312030,LILI RIAJA,12667,14312,26979
7312031,GANRA,5153,6102,11255
7312032,CITTA ,3621,4379,8000
7312040,LILI RILAU,17913,20261,38174
7312050,DONRI DONRI,10664,12220,22884
7312060,MARIO RIAWA,13337,14531,27868
7313,WAJO,183371,201323,384694
7313010,SABBANG PARU,11879,13875,25754
7313020,TEMPE,29211,31759,60970
7313030,PAMMANA,14541,16661,31202
7313040,BOLA,9208,10160,19368
7313050,TAKKALALLA,9769,10764,20533
7313060,SAJOANGING,9073,9590,18663
7313061,PENRANG,7235,8297,15532
7313070,MAJAULENG,14518,16694,31212
7313080,TANA SITOLO,18515,20665,39180
7313090,BELAWA,15185,16733,31918
7313100,MANIANG PAJO,7759,8229,15988
7313101,GILIRENG,5331,5697,11028
7313110,KEERA,10724,10958,21682
7313120,PITUMPANUA,20423,21241,41664
7314,SIDENRENG RAPPANG,131954,139847,271801
7314010,PANCA LAUTANG,8311,8934,17245
7314020,TELLULIMPO E,10730,11927,22657
7314030,WATANG PULU,14845,15346,30191
7314040,BARANTI,13523,14543,28066
7314050,PANCA RIJANG,13032,14084,27116
7314051,KULO,5520,5822,11342
7314060,MARITENGNGAE,22269,23855,46124
7314061,WATANG SIDENRENG,8377,8716,17093
7314070,PITU RIAWA,12223,12686,24909
7314080,DUAPITUE,13175,14024,27199
7314081,PITU RIASE,9949,9910,19859
7315,PINRANG,170374,180787,351161
7315010,SUPPA,14702,15653,30355
7315020,MATTIROSOMPE,13247,14170,27417
7315021,LANRISANG,8119,9018,17137
7315030,MATTIRO BULU,12905,13916,26821
7315040,WATANG SAWITTO,25169,26159,51328
7315041,PALETEANG,17951,18697,36648
7315042,TIROANG,10216,10661,20877
7315050,PATAMPANUA,15308,16310,31618
7315060,CEMPA,8364,8849,17213
7315070,DUAMPANUA,21094,22768,43862
7315071,BATULAPPA,4709,4944,9653
7315080,LEMBANG,18590,19642,38232
7316,ENREKANG,95578,94597,190175
7316010,MAIWA ,11539,11578,23117
7316011,BUNGIN,2217,2127,4344
7316020,ENREKANG,14957,15623,30580
7316021,CENDANA,4188,4492,8680
7316030,BARAKA,10769,10456,21225
7316031,BUNTU BATU,6548,6230,12778
7316040,ANGGERAJA,11866,11916,23782
7316041,MALUA,3739,3910,7649
7316050,ALLA,10572,10061,20633
7316051,CURIO,7613,7243,14856
7316052,MASALLE,6286,5976,12262
7316053,BAROKO,5284,4985,10269
7317,LUWU,164287,168576,332863
7317010,LAROMPONG,9403,9425,18828
7317011,LAROMPONG SELATAN,7874,8074,15948
7317020,SULI,8722,9544,18266
7317021,SULI BARAT,4357,4109,8466
7317030,BELOPA,6959,7840,14799
7317031,KAMANRE,5488,5740,11228
7317032,BELOPA UTARA,7071,7520,14591
7317040,BAJO,6754,7450,14204
7317041,BAJO BARAT,4603,4779,9382
7317050,BASSESANGTEMPE,7327,6828,14155
7317051,LATIMOJONG,2761,2687,5448
7317060,BUPON,7167,7354,14521
7317061,PONRANG,13072,13197,26269
7317062,PONRANG SELATAN,11637,12235,23872
7317070,BUA,14946,15943,30889
7317080,WALENRANG,8663,8749,17412
7317081,WALENRANG TIMUR,7660,7740,15400
7317090,LAMASI,10195,10234,20429
7317091,WALENRANG UTARA,8904,8825,17729
7317092,WALENRANG BARAT,4642,4251,8893
7317093,LAMASI TIMUR,6082,6052,12134
7318,TANA TORAJA,112439,109356,221795
7318010,BONGGAKARADENG,3644,3249,6893
7318011,SIMBUANG,3101,2990,6091
7318012,RANO,3105,2943,6048
7318013,MAPPAK,2919,2675,5594
7318020,MENGKENDEK,13997,13641,27638
7318021,GANDANG BATU SILANAN,9572,9689,19261
7318030,SANGALLA,3347,3262,6609
7318031,SANGALA SELATAN,3697,3674,7371
7318032,SANGALLA UTARA,3658,3675,7333
7318040,MAKALE,16796,16988,33784
7318041,MAKALE SELATAN,6311,6100,12411
7318042,MAKALE UTARA ,5924,5855,11779
7318050,SALUPUTTI,3772,3678,7450
7318051,BITTUANG,7556,6951,14507
7318052,REMBON,9176,8938,18114
7318053,MASANDA,3233,2952,6185
7318054,MALIMBONG BALEPE,4495,4443,8938
7318061,RANTETAYO,5413,5228,10641
7318067,KURRA,2723,2425,5148
7322,LUWU UTARA,144950,142656,287606
7322010,SABBANG,17524,17329,34853
7322020,BAEBUNTA,21728,21373,43101
7322030,MALANGKE,13678,13448,27126
7322031,MALANGKE BARAT,11835,11683,23518
7322040,SUKAMAJU,20540,20238,40778
7322050,BONE-BONE,23268,22589,45857
7322120,MASAMBA,15360,15850,31210
7322121,MAPPEDECENG,11033,10891,21924
7322122,RAMPI,1532,1331,2863
7322130,LIMBONG,2006,1816,3822
7322131,SEKO,6446,6108,12554
7325,LUWU TIMUR,125202,117680,242882
7325010,BURAU,15685,15113,30798
7325020,WOTU,14159,13918,28077
7325030,TOMONI,11395,10783,22178
7325031,TOMONI TIMUR,6013,5748,11761
7325040,ANGKONA,11183,10499,21682
7325050,MALILI,16966,15708,32674
7325060,TOWUTI,14343,12829,27172
7325070,NUHA,10582,9599,20181
7325071,WASUPONDA,9461,8511,17972
7325080,MANGKUTANA,10099,9743,19842
7325081,KALAENA,5316,5229,10545
7326,TORAJA UTARA,108952,106448,215400
7326010,SOPAI,6688,6360,13048
7326020,KESU,7783,7667,15450
7326030,SANGGALANGI,5501,5495,10996
7326040,BUNTAO,4396,4066,8462
7326050,RANTEBUA,3764,3611,7375
7326060,NANGGALA,4740,4418,9158
7326070,TONDON,4773,4553,9326
7326080,TALLUNGLIPU,9147,8865,18012
7326090,RANTEPAO,12580,13166,25746
7326100,TIKALA,5228,4992,10220
7326110,SESEAN,5524,5376,10900
7326120,BALUSU,3342,3415,6757
7326130,SA'DAN ,7315,7257,14572
7326140,BENGKELEKILA,2480,2580,5060
7326150,SESEAN SULOARA,3236,3014,6250
7326160,KAPALA PITU,3040,2887,5927
7326170,DENDE PIONGAN NAPO,4090,3826,7916
7326180,AWAN RANTE KARUA,2626,2515,5141
7326190,RINDINGALO,3761,3510,7271
7326200,BUNTU PEPASAN,6178,6271,12449
7326210,BARUPPU,2760,2604,5364
7371,KOTA MAKASSAR,661379,677995,1339374
7371010,MARISO,27836,28039,55875
7371020,MAMAJANG,28811,30187,58998
7371030,TAMALATE,84474,86404,170878
7371031,RAPPOCINI,73377,77714,151091
7371040,MAKASSAR,40233,41467,81700
7371050,UJUNG PANDANG,12684,14220,26904
7371060,WAJO,14279,15080,29359
7371070,BONTOALA,26432,27765,54197
7371080,UJUNG TANAH,23380,23308,46688
7371090,TALLO,67247,67047,134294
7371100,PANAKKUKANG,69996,71386,141382
7371101,MANGGALA,58451,58624,117075
7371110,BIRING KANAYA,83203,84538,167741
7371111,TAMALANREA,50976,52216,103192
7372,KOTA PARE-PARE,63719,65823,129542
7372010,BACUKIKI,7150,7265,14415
7372011,BACUKIKI BARAT,19151,19939,39090
7372020,UJUNG,15892,16461,32353
7372030,SOREANG,21526,22158,43684
7373,KOTA PALOPO,72557,75476,148033
7373010,WARA SELATAN,4822,5306,10128
7373011,SENDANA,2893,2838,5731
7373020,WARA,14993,16076,31069
7373021,WARA TIMUR,15218,15802,31020
7373022,MUNGKAJANG,3432,3553,6985
7373030,WARA UTARA,9192,9828,19020
7373031,BARA,11333,11637,22970
7373040,TELLUWANUA,5924,5779,11703
7373041,WARA BARAT,4750,4657,9407
7400,SULAWESI TENGGARA,1120225,1110344,2230569
7401,BUTON,124244,131230,255474
7401050,LASALIMU,5164,5117,10281
7401051,LASALIMU SELATAN,6513,6294,12807
7401052,SIONTAPINA,6067,6058,12125
7401060,PASAR WAJO,18336,18680,37016
7401061,WOLOWA,2542,2415,4957
7401062,WABULA,2379,2609,4988
7401070,SAMPOLAWA,9828,10282,20110
7401071,BATU ATAS,3761,4485,8246
7401072,LAPANDEWA,3854,3912,7766
7401080,BATAUGA,6934,7010,13944
7401081,SIOMPU,4210,4557,8767
7401082,KADATUA,3729,3995,7724
7401083,SIOMPU BARAT,4019,4120,8139
7401110,KAPONTORI,6174,6420,12594
7401120,G U,7631,8188,15819
7401121,SANGIA WAMBULU,2370,2639,5009
7401130,LAKUDO,9500,10696,20196
7401140,MAWASANGKA,10519,11545,22064
7401141,MAWASANGKA TIMUR,2292,2547,4839
7401142,MAWASANGKA TENGAH,4389,4759,9148
7401151,TALAGA RAYA ,4033,4902,8935
7402,MUNA,129447,138693,268140
7402010,TONGKUNO,6895,7494,14389
7402011,TONGKUNO SELATAN,2454,2817,5271
7402020,PARIGI,5193,5712,10905
7402021,BONE,2450,2683,5133
7402022,MAROBO,2968,3128,6096
7402030,KABAWO,5765,6400,12165
7402031,KABANGKA,4513,4629,9142
7402032,KONTU KOWUNA,1758,1979,3737
7402040,TIWORO KEPULAUAN,3132,3275,6407
7402041,MAGINTI,4114,4111,8225
7402042,TIWORO TENGAH,3290,3217,6507
7402043,TIWORO SELATAN,2477,2357,4834
7402044,TIWORO UTARA,2419,2438,4857
7402050,LAWA,3432,3996,7428
7402051,SAWERIGADI,3048,3239,6287
7402052,BARANGKA,2753,3230,5983
7402053,WA DAGA,2671,3026,5697
7402060,KUSAMBI,5161,5535,10696
7402061,KONTUNAGA,3688,3936,7624
7402062,WATOPUTE,5723,5990,11713
7402070,KATOBU,13503,14720,28223
7402071,LOHIA,6237,7047,13284
7402072,DURUKA,5452,5739,11191
7402073,BATALAIWORU,6091,6555,12646
7402080,NAPABALANO,5300,5491,10791
7402081,LASALEPA,4880,5120,10000
7402082,NAPANO KUSAMBI,2353,2352,4705
7402083,TOWEA,2323,2396,4719
7402090,WAKORUMBA SELATAN,2047,2165,4212
7402091,PASIR PUTIH,1924,2143,4067
7402092,PASI KOLAGA,1822,2032,3854
7402111,MALIGANO,2532,2576,5108
7402112,BATUKARA,1079,1165,2244
7403,KONAWE,123182,118246,241428
7403071,WAWONII SELATAN,1652,1625,3277
7403072,WAWONII BARAT,3217,3215,6432
7403073,WAWONII TENGAH,1503,1487,2990
7403074,WAWONII TENGGARA,2693,2702,5395
7403081,WAWONII TIMUR,1373,1440,2813
7403082,WAWONII UTARA,2488,2572,5060
7403083,WAWONII TIMUR LAUT,1551,1536,3087
7403090,SOROPIA,3915,3844,7759
7403091,LALONGGASUMEETO,2355,2253,4608
7403100,SAMPARA ,5964,5748,11712
7403101,BONDOALA,4195,4005,8200
7403102,BESULUTU,3512,3254,6766
7403103,KAPOIALA,2086,1975,4061
7403130,LAMBUYA,3307,3229,6536
7403131,UEPAI,6070,5745,11815
7403132,PURIALA,3745,3649,7394
7403133,ONEMBUTE,3058,2882,5940
7403140,PONDIDAHA,5290,5149,10439
7403141,WONGGEDUKU,10217,9608,19825
7403142,AMONGGEDO,4821,4452,9273
7403150,WAWOTOBI,10345,9770,20115
7403151,MELUHU,2593,2389,4982
7403152,KONAWE,4085,3947,8032
7403170,UNAAHA,11017,11363,22380
7403171,ANGGABERI,3104,2966,6070
7403180,ABUKI,7395,7009,14404
7403181,LATOMA,1258,1103,2361
7403182,TONGAUNA,8048,7315,15363
7403183,ASINUA,1286,1161,2447
7403193,ROUTA,1039,853,1892
7404,KOLAKA,161679,153133,314812
7404010,WATUBANGGA,7371,6777,14148
7404011,TANGGETADA,6904,6406,13310
7404012,TOARI,4508,4409,8917
7404013,POLINGGONA,3478,3009,6487
7404020,POMALAA,14366,13810,28176
7404030,WUNDULAKO,9542,9033,18575
7404031,BAULA,5216,4898,10114
7404040,LADONGI,12124,11675,23799
7404041,LAMBADIA,14712,13040,27752
7404042,POLI-POLIA,5521,5084,10605
7404050,TIRAWUTA,6380,6105,12485
7404051,LALOLAE,1802,1739,3541
7404052,LOEA,3193,2985,6178
7404060,KOLAKA,18241,17736,35977
7404061,LATAMBAGA,13982,13585,27567
7404070,WOLO,12307,11940,24247
7404071,SAMATURU,10666,10378,21044
7404080,MOWEWE,3809,3730,7539
7404081,ULUIWOI,3864,3372,7236
7404082,TINONDO,3693,3422,7115
7405,KONAWE SELATAN,135949,128248,264197
7405010,TINANGGEA,10952,10368,21320
7405011,LALEMBUU,8036,7579,15615
7405020,ANDOOLO,8197,7648,15845
7405021,BUKE ,6886,6351,13237
7405030,PALANGGA,6299,5987,12286
7405031,PALANGGA SELATAN,3137,2988,6125
7405032,BAITO,3914,3650,7564
7405040,LAINEA,4519,4352,8871
7405041,LAEYA,9660,9346,19006
7405050,KOLONO,7009,6679,13688
7405060,LAONTI,4836,4606,9442
7405070,MORAMO,6730,6305,13035
7405071,MORAMO UTARA,3664,3500,7164
7405080,KONDA,9240,8889,18129
7405081,WOLASI,2418,2314,4732
7405090,RANOMEETO,8325,7915,16240
7405091,RANOMEETO BARAT,3313,3202,6515
7405100,LANDONO,5910,5551,11461
7405101,MOWILA,5923,5208,11131
7405110,ANGATA,7650,7261,14911
7405111,BENUA,5094,4639,9733
7405112,BASALA,4237,3910,8147
7406,BOMBANA,70382,68889,139271
7406010,KABAENA,1366,1482,2848
7406011,KABAENA UTARA,1870,1801,3671
7406012,KABAENA SELATAN,1193,1412,2605
7406013,KABAENA BARAT,3583,3897,7480
7406020,KABAENA TIMUR,3188,3475,6663
7406021,KABAENA TENGAH,1593,1662,3255
7406030,RUMBIA,5400,5324,10724
7406031,MATA OLEO,2980,3178,6158
7406032,KEP MASALOKA RAYA,1497,1484,2981
7406033,RUMBIA TENGAH,3206,3153,6359
7406040,RAROWATU,3246,2987,6233
7406041,RAROWATU UTARA,4310,3040,7350
7406042,MATA USU,702,562,1264
7406043,LANTARI JAYA,4008,3523,7531
7406050,POLEANG TIMUR,4542,4558,9100
7406051,POLEANG UTARA,5358,5051,10409
7406052,POLEANG SELATAN,3268,3331,6599
7406053,POLEANG TENGGARA,1876,1876,3752
7406060,POLEANG,6944,7336,14280
7406061,POLEANG BARAT,5729,5544,11273
7406062,TONTONUNU,2781,2474,5255
7406063,POLEANG TENGAH,1742,1739,3481
7407,WAKATOBI,44638,48284,92922
7407010,BINONGKO,4044,4347,8391
7407011,TOGO BINONGKO ,2260,2493,4753
7407020,TOMIA,3322,3585,6907
7407021,TOMIA TIMUR,4046,4387,8433
7407030,KALEDUPA,4821,5169,9990
7407031,KALEDUPA SELATAN,2979,3655,6634
7407040,WANGI-WANGI,11421,11938,23359
7407050,WANGI-WANGI SELATAN,11745,12710,24455
7408,KOLAKA UTARA,62571,58905,121476
7408010,RANTEANGIN,2752,2548,5300
7408011,LAMBAI,2771,2540,5311
7408012,WAWO,2781,2827,5608
7408020,LASUSUA,11164,10608,21772
7408021,KATOI,2969,2793,5762
7408030,KODEOHA,5413,5241,10654
7408031,TIWU,2055,1984,4039
7408040,NGAPA,9081,8453,17534
7408041,WATUNOHU,3113,3043,6156
7408050,PAKUE,4788,4554,9342
7408051,PAKUE UTARA,3643,3321,6964
7408052,PAKUE TENGAH,3107,3024,6131
7408060,BATU PUTIH,3750,3619,7369
7408061,POREHU,3797,3144,6941
7408062,TOLALA,1387,1206,2593
7409,BUTON UTARA,27536,27280,54816
7409100,BONEGUNU,3888,3814,7702
7409101,KAMBOWA,3200,3169,6369
7409110,WAKORUMBA,3209,3303,6512
7409120,KULISUSU,10322,10362,20684
7409121,KULISUSU BARAT,2986,2838,5824
7409122,KULISUSU UTARA,3931,3794,7725
7410,KONAWE UTARA,26921,24526,51447
7410010,SAWA,3708,3401,7109
7410020,LEMBO,2282,2060,4342
7410030,LASOLO,5285,5138,10423
7410040,MOLAWE,2838,2571,5409
7410050,ASERA,7138,6566,13704
7410060,LANGGIKIMA,2246,1751,3997
7410070,WIWIRANO,3424,3039,6463
7471,KOTA KENDARI,145940,143528,289468
7471010,MANDONGA,18113,18049,36162
7471011,BARUGA,9607,9555,19162
7471012,PUUWATU,14204,13445,27649
7471013,KADIA,19469,19805,39274
7471014,WUA-WUA,12370,12032,24402
7471020,POASIA ,12701,12265,24966
7471021,ABELI,11433,10843,22276
7471022,KAMBU,13704,13448,27152
7471030,KENDARI,12856,12718,25574
7471031,KENDARI BARAT,21483,21368,42851
7472,KOTA BAU-BAU,67736,69382,137118
7472010,BETOAMBARI,8031,8235,16266
7472011,MURHUM,21976,23256,45232
7472020,WOLIO,19060,18905,37965
7472021,KOKALUKUNA,8300,8423,16723
7472030,SORAWOLIO,3618,3588,7206
7472040,BUNGI,3516,3570,7086
7472041,LEA-LEA,3235,3405,6640
7500,GORONTALO,520885,517700,1038585
7501,BOALEMO,65791,63386,129177
7501031,MANANGGU,5953,5648,11601
7501040,TILAMUTA,13290,13087,26377
7501041,DULUPI,7632,7511,15143
7501042,BOTUMOITO,7150,6909,14059
7501050,PAGUYAMAN,15127,14658,29785
7501051,WONOSARI,12839,11957,24796
7501052,PAGUYAMAN PANTAI,3800,3616,7416
7502,GORONTALO,177385,177472,354857
7502010,BATUDAA PANTAI,5515,5245,10760
7502011,BILUHU,3936,3660,7596
7502020,BATUDAA,6396,6482,12878
7502021,BONGOMEME,16612,16555,33167
7502022,TABONGO,8081,8069,16150
7502030,TIBAWA,18897,18794,37691
7502031,PULUBALA,11267,11134,22401
7502040,BOLIYOHUTO,11949,11788,23737
7502041,MOOTILANGO,8938,8679,17617
7502042,TOLANGOHULA,10852,10456,21308
7502043,ASPARAGA,6363,5915,12278
7502070,LIMBOTO,22275,23314,45589
7502071,LIMBOTO BARAT ,11591,11815,23406
7502080,TELAGA,10224,10465,20689
7502081,TELAGA BIRU,12987,13367,26354
7502082,TILANGO,6410,6428,12838
7502083,TALAGA JAYA,5092,5306,10398
7503,POHUWATO,65612,63159,128771
7503010,POPAYATO,4564,4624,9188
7503011,POPAYATO BARAT,3424,3227,6651
7503012,POPAYATO TIMUR,3956,3825,7781
7503020,LEMITO,5346,5146,10492
7503021,WANGGARASI,2353,2214,4567
7503030,MARISA,8859,8811,17670
7503031,PATILANGGIO,4527,4173,8700
7503032,BUNTULIA,5311,5189,10500
7503033,DUHIADAA,5419,5248,10667
7503040,RANDANGAN,7764,7235,14999
7503041,TALUDITI,3861,3391,7252
7503050,PAGUAT,7497,7397,14894
7503051,DENGILO,2731,2679,5410
7504,BONE BOLANGO,71020,70701,141721
7504010,TAPA,3370,3506,6876
7504011,BULANGO UTARA,3449,3459,6908
7504012,BULANGO SELATAN,4728,4842,9570
7504013,BULANGO TIMUR,2441,2548,4989
7504014,BULANGO ULU,1891,1711,3602
7504020,KABILA,10234,10789,21023
7504021,BOTUPINGGE,2814,2777,5591
7504022,TILONGKABILA,8153,8415,16568
7504030,SUWAWA,5228,5390,10618
7504031,SUWAWA SELATAN,2436,2355,4791
7504032,SUWAWA TIMUR,3477,3158,6635
7504033,SUWAWA TENGAH,2918,2792,5710
7504040,BONE PANTAI,4940,4856,9796
7504041,KABILA BONE,5021,4725,9746
7504042,BONE RAYA,3024,2851,5875
7504043,BONE,4407,4234,8641
7504044,BULAWA,2489,2293,4782
7505,GORONTALO UTARA,52955,51113,104068
7505010,ATINGGOLA,5216,5082,10298
7505011,GENTUMA RAYA,4027,3939,7966
7505020,KWANDANG,18071,17876,35947
7505030,ANGGREK,10288,9906,20194
7505040,SUMALATA,8333,7694,16027
7505050,TOLINGGULA,7020,6616,13636
7571,KOTA GORONTALO ,88122,91869,179991
7571010,KOTA BARAT,9915,10286,20201
7571011,DUNGINGI,10576,10958,21534
7571020,KOTA SELATAN,17643,18289,35932
7571021,KOTA TIMUR,20567,21519,42086
7571030,KOTA UTARA,16353,16764,33117
7571031,KOTA TENGAH,13068,14053,27121
7600,SULAWESI BARAT,581284,577052,1158336
7601,MAJENE,73556,77383,150939
7601010,BANGGAE,18272,18955,37227
7601011,BANGGAE TIMUR,13667,14839,28506
7601020,PAMBOANG,10048,10738,20786
7601030,SENDANA,9789,10584,20373
7601031,TAMMERODO,5188,5396,10584
7601033,TUBO SENDANA,4028,4186,8214
7601040,MALUNDA,8405,8578,16983
7601041,ULUMANDA,4159,4107,8266
7602,POLEWALI MANDAR,193163,203090,396253
7602010,TINAMBUNG,10621,11696,22317
7602011,BALANIPA,11486,12534,24020
7602012,LIMBORO,7900,9083,16983
7602020,TUBBI TARAMANU,9013,9270,18283
7602021,ALU,5679,6302,11981
7602030,CAMPALAGIAN,25050,27249,52299
7602031,LUYO,13146,13596,26742
7602040,WONOMULYO,22277,23017,45294
7602041,MAPILLI,13290,13912,27202
7602042,TAPANGO,10758,10741,21499
7602043,MATAKALI,10618,10699,21317
7602044,B U L O ,4314,4321,8635
7602050,POLEWALI,26713,28101,54814
7602051,BINUANG,15028,15553,30581
7602052,ANREAPI,4701,4579,9280
7602061,MATANGNGA,2569,2437,5006
7603,MAMASA,70964,68998,139962
7603010,SUMARORONG,4820,4760,9580
7603020,MESSAWA,3608,3482,7090
7603030,PANA,4411,4145,8556
7603031,NOSU,2991,2886,5877
7603040,TABANG,2169,2118,4287
7603050,MAMASA,11254,11236,22490
7603060,TANDUK KALUA,5067,4908,9975
7603061,BALLA,3043,2974,6017
7603070,SESENA PADANG,3847,3856,7703
7603071,TAWALIAN,3114,3096,6210
7603080,MAMBI,4696,4531,9227
7603081,BAMBANG,5221,5108,10329
7603082,RANTEBULAHAN TIMUR,2870,2812,5682
7603083,MEHALAAN,1994,1863,3857
7603090,ARALLE,3345,3232,6577
7603091,BUNTU MALANGKA,3406,3295,6701
7603100,TABULAHAN,5108,4696,9804
7604,MAMUJU,173407,163472,336879
7604010,TAPALANG,9127,8924,18051
7604011,TAPALANG BARAT,4609,4539,9148
7604020,MAMUJU,28138,27064,55202
7604022,SIMBORO,11820,11380,23200
7604023,KEPULAUAN BALABALAKANG,1221,1126,2347
7604030,KALUKKU,25153,24074,49227
7604031,PAPALANG,10911,10483,21394
7604032,SAMPAGA,7131,6855,13986
7604033,TOMMO,10294,9113,19407
7604040,KALUMPANG,5643,5157,10800
7604041,BONEHAU,4557,4065,8622
7604050,BUDONG BUDONG,11726,11065,22791
7604051,PANGALE,5807,5609,11416
7604052,TOPOYO,13388,12366,25754
7604053,KAROSSA,11364,10567,21931
7604054,TOBADAK,12518,11085,23603
7605,MAMUJU UTARA,70194,64109,134303
7605010,SARUDU,6262,5913,12175
7605011,DAPURANG,6012,5515,11527
7605012,DURIPOKU,2605,2269,4874
7605020,BARAS ,8140,7218,15358
7605021,BULU TABA,5002,4380,9382
7605022,LARIANG,3197,2789,5986
7605030,PASANGKAYU,12050,10805,22855
7605031,TIKKE RAYA,7262,6548,13810
7605032,PEDONGGA,3441,3122,6563
7605040,BAMBALAMOTU,8352,7920,16272
7605041,BAMBAIRA,4366,4255,8621
7605042,SARJO,3505,3375,6880
8100,MALUKU,773585,757817,1531402
8101,MALUKU TENGGARA BARAT,53061,52333,105394
8101040,TANIMBAR SELATAN,16128,15705,31833
8101041,WER TAMRIAN,4869,4904,9773
8101042,WER MAKTIAN,5518,5279,10797
8101043,SELARU,6074,6075,12149
8101050,TANIMBAR UTARA,6579,6651,13230
8101051,YARU,2374,2432,4806
8101052,WUAR LABOBAR,4944,4747,9691
8101053,NIRUNMAS,3522,3572,7094
8101054,KORMOMOLIN,3053,2968,6021
8102,MALUKU TENGGARA,47248,49181,96429
8102010,KEI KECIL,19733,20674,40407
8102012,KEI KECIL BARAT,2863,2765,5628
8102013,KEI KECIL TIMUR,5269,5399,10668
8102020,KEI BESAR,11005,11524,22529
8102021,KEI BESAR UTARA TIMUR,4684,4911,9595
8102022,KEI BESAR SELATAN,3694,3908,7602
8103,MALUKU TENGAH,182672,178615,361287
8103010,BANDA,9216,9321,18537
8103040,TEHORU,14453,13723,28176
8103050,AMAHAI ,19994,18890,38884
8103051,KOTA MASOHI,15689,15689,31378
8103052,TELUK ELPAPUTIH,5650,5186,10836
8103060,TEON NILA SERUA,6644,6261,12905
8103080,SAPARUA,15980,16332,32312
8103081,NUSALAUT,2711,2620,5331
8103090,P HARUKU,12054,12116,24170
8103100,SALAHUTU,23226,23730,46956
8103110,LEIHITU,23292,23626,46918
8103111,LEIHITU BARAT,8421,8250,16671
8103140,SERAM UTARA,20502,18485,38987
8103141,SERAM UTARA BARAT,4840,4386,9226
8104,BURU,55508,52727,108235
8104020,NAMLEA,18827,18278,37105
8104021,WAEAPO,17793,16413,34206
8104022,WAPLAU,5094,4917,10011
8104023,BATA BUAL,4049,3876,7925
8104030,AIR BUAYA,9745,9243,18988
8105,KEPULAUAN ARU,43565,40412,83977
8105010,ARU SELATAN,4287,4260,8547
8105011,ARU SELATAN TIMUR,2366,2460,4826
8105020,ARU TENGAH,6981,6210,13191
8105021,ARU TENGAH TIMUR,2208,2084,4292
8105022,ARU TENGAH SELATAN,2690,2408,5098
8105030,PULAU-PULAU ARU,19169,17329,36498
8105031,ARU UTARA,5864,5661,11525
8106,SERAM BAGIAN BARAT,83961,80693,164654
8106010,HUAMUAL BELAKANG,15863,15612,31475
8106020,SERAM BARAT,31195,30320,61515
8106030,KAIRATU,27712,26418,54130
8106040,TANIWEL,9191,8343,17534
8107,SERAM BAGIAN TIMUR,50455,48578,99033
8107010,PULAU GOROM,13692,13567,27259
8107011,WAKATE,4650,4626,9276
8107020,SERAM TIMUR,12054,11922,23976
8107021,TUTUK TOLU,2368,2349,4717
8107030,WERINAMA,5016,4755,9771
8107040,BULA,12675,11359,24034
8108,MALUKU BARAT DAYA,35392,34980,70372
8108010,PP WETAR,4167,3770,7937
8108020,PP TERSELATAN,9040,8934,17974
8108030,LETI MOA LAKOR,3737,3788,7525
8108040,MOA LAKOR ,4561,4509,9070
8108050,DAMER,2747,2689,5436
8108060,MDONA HIERA,2553,2717,5270
8108070,PP BABAR,4045,3995,8040
8108080,BABAR TIMUR,4542,4578,9120
8109,BURU SELATAN,27648,25945,53593
8109010,KEPALA MADAN,4824,4750,9574
8109020,LEKSULA,7633,7238,14871
8109030,NAMROLE,5778,5046,10824
8109040,WAISAMA,6024,5463,11487
8109050,AMBALAU,3389,3448,6837
8171,KOTA AMBON,165368,164987,330355
8171010,NUSANIWE,43973,45270,89243
8171020,SIRIMAU,69823,69969,139792
8171030,TELUK AMBON,19856,18820,38676
8171040,TA BAGUALA,27086,26207,53293
8171050,LEITIMUR SELATAN,4630,4721,9351
8172,KOTA TUAL,28707,29366,58073
8172010,PP KUR,2355,2544,4899
8172020,TAYANDO TAM,2570,2802,5372
8172030,PULAU DULLAH UTARA,7241,7426,14667
8172040,PULAU DULLAH SELATAN,16541,16594,33135
8200,MALUKU UTARA,529645,505833,1035478
8201,HALMAHERA BARAT,49563,47164,96727
8201090,JAILOLO,14020,13503,27523
8201091,JAILOLO SELATAN,7150,6885,14035
8201100,SAHU,4665,4537,9202
8201101,SAHU TIMUR,4072,3823,7895
8201130,IBU,4688,4541,9229
8201131,IBU SELATAN,5384,5005,10389
8201132,IBU UTARA,4061,3774,7835
8201140,LOLODA,5523,5096,10619
8202,HALMAHERA TENGAH,21952,20790,42742
8202030,WEDA,3509,3147,6656
8202031,WEDA SELATAN,2542,2339,4881
8202032,WEDA UTARA,3268,2922,6190
8202033,WEDA TENGAH,2086,1843,3929
8202041,PULAU GEBE,2330,2314,4644
8202042,PATANI,1908,1999,3907
8202043,PATANI UTARA,4492,4430,8922
8202044,PATANI BARAT,1817,1796,3613
8203,KEPULAUAN SULA,67210,64860,132070
8203010,SULABESI BARAT,2361,2241,4602
8203011,SULABESI SELATAN ,2131,2172,4303
8203020,SANANA,12547,12448,24995
8203021,SULABESI TENGAH,2967,2988,5955
8203022,SULABESI TIMUR,1567,1523,3090
8203023,SANANA UTARA,2963,2696,5659
8203030,MANGOLI TIMUR,2171,2133,4304
8203031,MANGOLI TENGAH,3237,3037,6274
8203032,MANGOLI UTARA TIMUR,1911,1850,3761
8203040,MANGOLI BARAT,3574,3510,7084
8203041,MANGOLI UTARA,5174,4974,10148
8203042,MANGOLI SELATAN,2396,2265,4661
8203050,TALIABU TIMUR,1862,1680,3542
8203051,TALIABU TIMUR SELATAN,2674,2388,5062
8203060,TALIABU BARAT,4616,4402,9018
8203061,TALIABU UTARA,5604,5273,10877
8203062,TALIABU BARAT LAUT,1997,2013,4010
8203063,LEDE,3007,2985,5992
8203064,TALIABU SELATAN,4451,4282,8733
8204,HALMAHERA SELATAN,101255,96777,198032
8204010,OBI SELATAN,6141,5877,12018
8204020,OBI,7226,6912,14138
8204021,OBI BARAT,1840,1748,3588
8204022,OBI TIMUR,1716,1672,3388
8204023,OBI UTARA,4133,4050,8183
8204030,BACAN,9720,9155,18875
8204031,MANDIOLI SELATAN,2928,2773,5701
8204032,MANDIOLI UTARA,1504,1520,3024
8204033,BACAN SELATAN,6726,6494,13220
8204034,BATANG LOMANG,3134,2932,6066
8204040,BACAN TIMUR,4683,4354,9037
8204041,BACAN TIMUR SELATAN,3325,3126,6451
8204042,BACAN TIMUR TENGAH,2717,2529,5246
8204050,BACAN BARAT,1786,1724,3510
8204051,KASIRUTA BARAT,2389,2269,4658
8204052,KASIRUTA TIMUR,1938,1887,3825
8204053,BACAN BARAT UTARA,2131,1968,4099
8204060,KAYOA,4140,4151,8291
8204061,KAYOA BARAT,1775,1700,3475
8204062,KAYOA SELATAN,2924,2926,5850
8204063,KAYOA UTARA,1363,1308,2671
8204070,PULAU MAKIAN,4541,4459,9000
8204071,MAKIAN BARAT,1754,1673,3427
8204080,GANE BARAT,4032,3793,7825
8204081,GANE BARAT SELATAN,2829,2722,5551
8204082,GANE BARAT UTARA ,3042,2973,6015
8204083,KEPULAUAN JORONGA,2712,2563,5275
8204090,GANE TIMUR,4389,4070,8459
8204091,GANE TIMUR TENGAH,1920,1824,3744
8204092,GANE TIMUR SELATAN,1797,1625,3422
8205,HALMAHERA UTARA,84317,80688,165005
8205010,MALIFUT,5661,5347,11008
8205011,KAO TELUK,1819,1702,3521
8205020,KAO,3888,3647,7535
8205021,KAO BARAT,4269,3892,8161
8205022,KAO UTARA,5323,5048,10371
8205030,TOBELO SELATAN,6566,6346,12912
8205031,TOBELO BARAT,2208,2106,4314
8205032,TOBELO TIMUR,3169,2841,6010
8205040,TOBELO,15131,14607,29738
8205041,TOBELO TENGAH,6273,6189,12462
8205042,TOBELO UTARA,4988,4835,9823
8205050,GALELA,3690,3637,7327
8205051,GALELA SELATAN,3781,3766,7547
8205052,GALELA BARAT,4772,4539,9311
8205053,GALELA UTARA,3614,3358,6972
8205060,LOLODA UTARA,4381,4182,8563
8205061,LOLODA KEPULAUAN,3031,2975,6006
99,LAINNYA,1753,1671,3424
8206,HALMAHERA TIMUR,38348,34531,72879
8206010,MABA SELATAN,3156,2943,6099
8206011,KOTA MABA,4080,3419,7499
8206020,WASILE SELATAN,5788,5219,11007
8206030,WASILE,4641,4270,8911
8206031,WASILE TIMUR,4471,4152,8623
8206032,WASILE TENGAH,2433,2333,4766
8206033,WASILE UTARA,2234,2009,4243
8206040,MABA,5226,4534,9760
8206041,MABA TENGAH,2641,2337,4978
8206042,MABA UTARA,3678,3315,6993
8207,PULAU MOROTAI,27350,25512,52862
8207010,MOROTAI SELATAN,9030,8468,17498
8207020,MOROTAI TIMUR,3991,3763,7754
8207030,MOROTAI SELATAN BARAT,5737,5399,11136
8207040,MOROTAI JAYA,3723,3437,7160
8207050,MOROTAI UTARA,4869,4445,9314
8271,KOTA TERNATE,94544,91111,185655
8271010,PULAU TERNATE,7479,7309,14788
8271011,PULAU MOTI,2149,2250,4399
8271012,PULAU BATANG DUA ,1252,1211,2463
8271013,PULAU HIRI,1383,1345,2728
8271020,TERNATE SELATAN,32433,31274,63707
8271021,TERNATE TENGAH,26832,25251,52083
8271030,TERNATE UTARA,23016,22471,45487
8272,KOTA TIDORE KEPULAUAN,45106,44400,89506
8272010,TIDORE SELATAN,6487,6624,13111
8272020,TIDORE UTARA,7069,7042,14111
8272030,TIDORE,9164,9202,18366
8272031,TIDORE TIMUR,3870,3851,7721
8272040,OBA,5316,5033,10349
8272041,OBA SELATAN,2489,2372,4861
8272050,OBA UTARA,6797,6541,13338
8272051,OBA TENGAH,3914,3735,7649
9100,PAPUA BARAT,402587,358268,760855
9101,FAKFAK,35650,31503,67153
9101050,FAKFAK TIMUR,1622,1446,3068
9101051,KARAS,1388,1211,2599
9101060,FAKFAK,17794,15680,33474
9101061,FAKFAK TENGAH,5130,4736,9866
9101070,FAKFAK BARAT,2106,1975,4081
9101080,KOKAS,2394,2194,4588
9101081,TELUK PATIPI,1969,1831,3800
9101082,KRAMONGMONGGA,1416,1322,2738
9101083,BOMBERAY,1831,1108,2939
9102,KAIMANA,24670,21573,46243
9102010,BURUWAY,1870,1639,3509
9102020,TELUK ARGUNI,1785,1724,3509
9102021,TELUK ARGUNI BAWAH,1203,1179,2382
9102030,KAIMANA,15758,13803,29561
9102031,KAMBRAU,1218,1009,2227
9102040,TELUK ETNA,1678,1447,3125
9102041,YAMOR,1158,772,1930
9103,TELUK WONDAMA,14193,12118,26311
9103010,NAIKERE,362,342,704
9103020,WONDIBOY,771,715,1486
9103021,RASIEY ,1383,1221,2604
9103022,KURI WAMESA,695,566,1261
9103030,WASIOR,6488,5058,11546
9103040,DUAIRI,867,806,1673
9103041,ROON,714,693,1407
9103050,WINDESI,726,655,1381
9103051,NIKIWAR,397,356,753
9103060,WAMESA,327,301,628
9103061,ROSWAR,305,309,614
9103070,RUMBERPON,848,774,1622
9103071,SOUG JAYA,310,322,632
9104,TELUK BINTUNI,29022,23381,52403
9104010,IRORUTU  FAFURWAR,515,501,1016
9104020,BABO,1823,1411,3234
9104021,SUMURI,3767,2804,6571
9104022,AROBA,1635,966,2601
9104023,KAITARO,399,357,756
9104030,KURI,481,425,906
9104040,WAMESA,602,549,1151
9104050,BINTUNI,10510,8042,18552
9104051,MANIMERI,2954,2359,5313
9104052,TUHIBA,327,286,613
9104053,DATARAN BEIMES,163,184,347
9104060,TEMBUNI,496,378,874
9104070,ARANDAY,515,540,1055
9104071,KOMUNDAN,322,337,659
9104072,TOMU,1260,1186,2446
9104073,WERIAGAR,664,619,1283
9104080,MOSKONA SELATAN,262,247,509
9104081,MEYADO,588,480,1068
9104082,MOSKONA BARAT,188,171,359
9104090,MERDEY,242,240,482
9104091,BISCOOP,242,237,479
9104092,MASYETA,175,189,364
9104100,MOSKONA UTARA,363,370,733
9104101,MOSKONA TIMUR,529,503,1032
9105,MANOKWARI,98762,88829,187591
9105040,RANSIKI,3977,3643,7620
9105041,MOMI WAREN,1099,952,2051
9105042,NENEI,606,587,1193
9105080,SURUREY,1226,1290,2516
9105090,ANGGI,1005,1015,2020
9105091,TAIGE,659,650,1309
9105092,MEMBEY,495,498,993
9105100,ORANSBARI,2643,2388,5031
9105110,WARMARE ,3140,3029,6169
9105120,PRAFI,7436,6778,14214
9105130,MENYAMBOUW,3103,3091,6194
9105131,CATUBOUW,938,908,1846
9105141,MANOKWARI BARAT,40319,34605,74924
9105142,MANOKWARI TIMUR,4658,4335,8993
9105143,MANOKWARI UTARA,1190,1071,2261
9105144,MANOKWARI SELATAN,7125,6143,13268
9105145,TESTEGA,413,414,827
9105146,TANAH RUBU,1087,1025,2112
9105150,KEBAR,984,1034,2018
9105151,SENOPI,381,375,756
9105160,AMBERBAKEN,952,927,1879
9105161,MUBARNI  ARFU,356,313,669
9105170,MASNI,7167,6325,13492
9105171,SIDEY,2324,2060,4384
9105180,TAHOSTA,321,260,581
9105190,DIDOHU,769,803,1572
9105200,DATARAN ISIM,1059,1007,2066
9105210,ANGGI GIDA,625,659,1284
9105220,HINGK,2705,2644,5349
9106,SORONG SELATAN,19738,17841,37579
9106010,INANWATAN,1457,1335,2792
9106011,METEMANI,1175,956,2131
9106020,KOKODA,2950,2930,5880
9106021,KAIS,1490,1354,2844
9106022,KOKODA UTARA,830,838,1668
9106060,MOSWAREN,1128,991,2119
9106070,TEMINABUAN,6140,5112,11252
9106071,SEREMUK,586,573,1159
9106072,WAYER,807,651,1458
9106073,KONDA,975,897,1872
9106074,SAIFI,870,910,1780
9106080,SAWIAT,925,904,1829
9106081,FOKOUR,405,390,795
9107,SORONG,37543,33092,70635
9107060,MORAID,966,751,1717
9107061,KLASO,160,140,300
9107100,MAKBON,1089,1024,2113
9107101,KLAYILI,228,187,415
9107110,BERAUR,511,494,1005
9107111,KLAMONO,2399,2115,4514
9107112,KLABOT,312,322,634
9107113,KLAWAK,305,292,597
9107120,SALAWATI,4875,4267,9142
9107121,MAYAMUK,5366,4769,10135
9107122,SALAWATI TIMUR ,1055,960,2015
9107130,SEGET,1616,1474,3090
9107131,SEGUN,703,667,1370
9107132,SALAWATI SELATAN,1113,943,2056
9107170,AIMAS,10603,9111,19714
9107171,MARIAT,5519,4918,10437
9107180,SAYOSA,500,483,983
9107181,MAUDUS,223,175,398
9108,RAJA AMPAT,22669,19802,42471
9108011,MISOOL SELATAN,1601,1419,3020
9108012,MISOOL BARAT,692,621,1313
9108020,MISOOL,948,833,1781
9108021,KOFIAU,1355,1205,2560
9108022,MISOOL TIMUR,1460,1200,2660
9108023,KEPULAUAN SEMBILAN,747,719,1466
9108031,SALAWATI UTARA,2575,2250,4825
9108032,SELAT SAGAWIN,1190,1037,2227
9108040,WAIGEO SELATAN,4811,3896,8707
9108041,TELUK MAYALIBIT,915,850,1765
9108042,MEOS MANSAR,837,778,1615
9108050,WAIGEO BARAT,773,632,1405
9108051,WAIGEO BARAT KEPULAUAN,1092,999,2091
9108060,WAIGEO UTARA,1268,1118,2386
9108061,WARWARBOMI,547,497,1044
9108070,KEPULAUAN AYAU,1136,1083,2219
9108080,WAIGEO TIMUR,722,665,1387
9109,TAMBRAUW,3330,3063,6393
9109010,FEF,228,200,428
9109011,SYUJAK,117,89,206
9109020,MIYAH,179,189,368
9109030,ABUN,319,283,602
9109040,KWOOR,591,537,1128
9109050,SAUSAPOR,1391,1293,2684
9109060,YEMBUN,505,472,977
9110,MAYBRAT,17115,16620,33735
9110010,AITINYO BARATATHABU,1249,1227,2476
9110020,AITINYO,2526,2455,4981
9110030,AIFAT SELATAN,800,735,1535
9110040,AIFAT,1752,1727,3479
9110050,AITINYO UTARA,1364,1387,2751
9110060,AYAMARU TIMUR,508,643,1151
9110070,AYAMARU,3216,3032,6248
9110080,AYAMARU UTARA,2117,2173,4290
9110090,MARE,565,495,1060
9110100,AIFAT UTARA,1771,1563,3334
9110110,AIFAT TIMUR ,1247,1183,2430
9171,KOTA SORONG,99895,90446,190341
9171010,SORONG BARAT,18465,16805,35270
9171011,SORONG KEPULAUAN,5023,4687,9710
9171020,SORONG TIMUR,14457,12575,27032
9171021,SORONG UTARA,23353,21421,44774
9171022,SORONG,16122,14908,31030
9171023,SORONG MANOI,22475,20050,42525
9400,PAPUA,1510285,1341714,2851999
9401,MERAUKE,102424,93153,195577
9401010,KIMAAM,2918,2771,5689
9401011,WAAN,2472,2322,4794
9401012,TABONJI,2708,2580,5288
9401013,ILYAWAB,2630,2396,5026
9401020,OKABA,2383,2148,4531
9401021,TUBANG,1132,1050,2182
9401022,NGGUTI,931,883,1814
9401023,KAPTEL,894,787,1681
9401030,KURIK,6702,6197,12899
9401031,MALIND,4432,4066,8498
9401032,ANIMHA,997,943,1940
9401040,MERAUKE,45577,41944,87521
9401041,SEMANGGA,6723,5944,12667
9401042,TANAH MIRING,9138,7748,16886
9401043,JAGEBOB,3577,3237,6814
9401044,SOTA,1556,1290,2846
9401045,NAUKENJERAI,959,862,1821
9401050,MUTING,2532,2377,4909
9401051,ELIGOBEL,2026,1703,3729
9401052,ULILIN,2137,1905,4042
9402,JAYAWIJAYA ,102581,96976,199557
9402110,WAMENA,33902,28098,62000
9402111,ASOLOKOBAL,7679,7679,15358
9402112,WALELAGAMA,5495,5615,11110
9402120,HUBIKOSI,9135,8048,17183
9402121,PELEBAGA,5251,4816,10067
9402180,ASOLOGAIMA,18715,19339,38054
9402181,MUSATFAK,4265,4152,8417
9402190,KURULU,11846,12970,24816
9402220,BOLAKME,3521,3536,7057
9402221,WOLLO,1515,1530,3045
9402222,YALENGGA,1257,1193,2450
9403,JAYAPURA,60672,53843,114515
9403080,KAUREH,3393,2409,5802
9403081,AIRU,446,361,807
9403082,YAPSI,3128,2636,5764
9403140,KEMTUK,1776,1758,3534
9403150,KEMTUK GRESI,2029,2023,4052
9403151,GRESI SELATAN,446,446,892
9403160,NIMBORAN,2087,1904,3991
9403161,NIMBORAN TIMURNAMBLONG,1531,1433,2964
9403170,NIMBOKRANG,3338,2985,6323
9403180,UNURUM GUAY,1021,872,1893
9403200,DEMTA,1676,1448,3124
9403201,YOKARI,1018,852,1870
9403210,DEPAPRE,1978,1817,3795
9403211,RAVENIRARA,575,547,1122
9403220,SENTANI BARAT,2099,2056,4155
9403221,WAIBU,3656,3284,6940
9403230,SENTANI,25552,22153,47705
9403231,EBUNGFAU,1246,1193,2439
9403240,SENTANI TIMUR,3677,3666,7343
9404,NABIRE,69545,60769,130314
9404050,UWAPA,1796,1642,3438
9404051,MENOU,1519,1366,2885
9404052,DIPA,2090,1790,3880
9404060,YAUR,724,614,1338
9404061,TELUK UMAR,477,406,883
9404070,WANGGAR,3799,3367,7166
9404071,NABIRE BARAT,5771,4939,10710
9404080,NABIRE,39814,34222,74036
9404081,TELUK KIMI,4919,4495,9414
9404090,NAPAN,1306,1108,2414
9404091,MAKIMI,2829,2549,5378
9404092,WAPOGA,527,459,986
9404100,SIRIWO ,2310,2282,4592
9404110,YARO,1664,1530,3194
9408,KEPULAUAN YAPEN,42685,40908,83593
9408040,YAPEN TIMUR,2403,2215,4618
9408041,YAPEN UTARA,1078,1238,2316
9408042,TELUK AMPIMOI,1723,1695,3418
9408043,RAIMBAWI,1173,1282,2455
9408050,ANGKAISERA,3921,4107,8028
9408051,KEP AMBAI,1854,1803,3657
9408060,YAPEN SELATAN,20113,18508,38621
9408061,KOSIWO,1946,1853,3799
9408070,YAPEN BARAT,3971,3905,7876
9408071,WONAWA,1623,1494,3117
9408080,POOM,1582,1565,3147
9408081,WINDESI,1298,1243,2541
9409,BIAK NUMFOR,65259,60866,126125
9409010,NUMFOR BARAT,1316,1210,2526
9409011,ORKERI,939,839,1778
9409020,NUMFOR TIMUR,675,599,1274
9409021,BRUYADORI,960,915,1875
9409022,POIRU,1005,878,1883
9409030,PADAIDO,932,775,1707
9409031,AINANDO PADAIDO,1115,1094,2209
9409040,BIAK TIMUR,3435,3263,6698
9409041,ORIDEK,2369,2296,4665
9409050,BIAK KOTA,21212,20041,41253
9409060,SAMOFA,14310,13335,27645
9409070,YENDIDORI,4022,3768,7790
9409080,BIAK UTARA,3402,3126,6528
9409081,ANDEY,1237,1123,2360
9409090,WARSA,2326,2139,4465
9409091,YAWOSI,965,988,1953
9409092,BONDIFUAR,119,94,213
9409100,BIAK BARAT,2860,2552,5412
9409101,SWANDIWE,2060,1831,3891
9410,PANIAI,76892,72201,149093
9410030,PANIAI TIMUR,15488,15188,30676
9410031,YATAMO,7066,6980,14046
9410032,KEBO,9529,9109,18638
9410040,BIBIDA,2827,2679,5506
9410041,DUMADAMA,975,882,1857
9410070,ARADIDE,6739,6011,12750
9410071,EKADIDE,9919,10224,20143
9410080,PANIAI BARAT,14751,13114,27865
9410081,SIRIWO,3531,2882,6413
9410090,BOGOBAIDA ,6067,5132,11199
9411,PUNCAK JAYA,55232,46674,101906
9411040,FAWI,1542,1440,2982
9411050,MULIA,12679,10370,23049
9411051,MEWOLUK,2799,2512,5311
9411052,YAMO,7017,5990,13007
9411060,ILU,9997,8499,18496
9411061,TORERE,3652,2997,6649
9411062,JIGONIKME,4313,3733,8046
9411070,TINGGINAMBUT,13233,11133,24366
9412,MIMIKA,103809,79824,183633
9412010,MIMIKA BARAT,2122,1834,3956
9412011,MIMIKA BARAT JAUH,961,841,1802
9412012,MIMIKA BARAT TENGAH,1053,997,2050
9412020,MIMIKA TIMUR,4340,3993,8333
9412021,MIMIKA TENGAH,1751,1587,3338
9412022,MIMIKA TIMUR JAUH,1561,1421,2982
9412030,MIMIKA BARU,65266,54655,119921
9412031,KUALA KENCANA,10406,8328,18734
9412032,TEMBAGAPURA,13147,3330,16477
9412040,AGIMUGA,443,379,822
9412041,JILA,2039,1915,3954
9412042,JITA,720,544,1264
9413,BOVEN DIGOEL,30306,25516,55822
9413010,JAIR,9898,7461,17359
9413011,SUBUR,645,583,1228
9413013,KIA,858,847,1705
9413020,MINDIPTANA,1930,1696,3626
9413021,INIYANDIT,444,396,840
9413022,KOMBUT,338,354,692
9413023,SESNUK,1208,902,2110
9413030,MANDOBO,7031,5785,12816
9413031,FOFI,1022,960,1982
9413032,ARIMOP,665,614,1279
9413040,KOUH,595,598,1193
9413041,BOMAKIA,1099,1076,2175
9413042,FIRIWAGE,531,554,1085
9413043,MANGGELUM,601,587,1188
9413044,YANIRUMA,388,313,701
9413045,KAWAGIT,520,664,1184
9413046,KOMBAY,792,644,1436
9413050,WAROPKO,1054,840,1894
9413051,AMBATKWI,394,342,736
9413052,NINATI,293,300,593
9414,MAPPI,42803,38978,81781
9414010,NAMBIOMAN BAPAI ,3808,3868,7676
9414011,MINYAMUR,2354,2313,4667
9414020,EDERA,6241,5855,12096
9414021,VENAHA,1926,1822,3748
9414030,OBAA,10451,8872,19323
9414031,PASSUE,2552,2532,5084
9414040,HAJU,4914,4311,9225
9414050,ASSUE,4765,4058,8823
9414060,CITAK MITAK,3716,3459,7175
9414061,KAIBAR,2076,1888,3964
9415,ASMAT,40318,36735,77053
9415010,PANTAI KASUARI,8462,7824,16286
9415020,FAYIT,3707,3257,6964
9415030,ATSY,7129,6712,13841
9415040,SUATOR,3412,3140,6552
9415050,AKAT,2679,2683,5362
9415060,AGATS,7163,5935,13098
9415070,SAWA ERMA,7003,6542,13545
9415071,SURU-SURU,763,642,1405
9416,YAHUKIMO,87587,79129,166716
9416010,KURIMA,3312,3331,6643
9416011,MUSAIK,1846,1564,3410
9416013,DEKAI,4363,2631,6994
9416014,OBIO,2284,1904,4188
9416015,PASEMA,862,845,1707
9416016,AMUMA,2322,1960,4282
9416017,SURU-SURU,1859,1521,3380
9416018,WUSAMA,2358,1991,4349
9416019,SILIMO,2878,2580,5458
9416020,NINIA,2728,2362,5090
9416021,HOLUWON,1705,1626,3331
9416022,LOLAT,1931,1874,3805
9416023,LANGDA,1155,1182,2337
9416024,BOMELA,760,741,1501
9416025,SUNTAMON,696,621,1317
9416026,SOBAHAM,1777,1803,3580
9416027,KORUPUN,2958,2583,5541
9416028,SELA,2796,2459,5255
9416029,KWELAMDUA,1662,1541,3203
9416030,ANGGRUK,880,852,1732
9416031,PANGGEMA,1742,1632,3374
9416032,WALMA,938,879,1817
9416033,KOSAREK,2020,1876,3896
9416034,UBAHAK,3433,3225,6658
9416035,NALCA,1938,1818,3756
9416036,PULDAMA ,971,947,1918
9416037,NIPSAN,1495,1288,2783
9416041,SAMENAGE,1075,1015,2090
9416042,TANGMA,2074,2132,4206
9416043,SOBA,592,537,1129
9416044,MUGI,2243,2210,4453
9416045,YOGOSEM,458,557,1015
9416046,KAYO,733,673,1406
9416047,SUMO,1874,1569,3443
9416048,HOGIO,1772,1498,3270
9416049,UKHA,2251,2166,4417
9416051,WERIMA,1956,1736,3692
9416052,SOLOIKMA,1674,1476,3150
9416053,SERADALA,2141,1667,3808
9416054,KABIANGGAMA,1335,1262,2597
9416055,KWIKMA,1220,1111,2331
9416056,HILIPUK,2408,2122,4530
9416057,YAHULIAMBUT,435,405,840
9416058,HEREAPINI,1483,1475,2958
9416059,UBALIHI,698,751,1449
9416061,TALAMBO,1247,1039,2286
9416062,PRONGGOLI,1138,1217,2355
9416063,ENDOMEN,1178,1151,2329
9416065,KONA,1167,1102,2269
9416066,DURAM,1686,1635,3321
9416067,DIRWEMNA,1080,987,2067
9417,PEGUNUNGAN BINTANG,34792,30607,65399
9417010,IWUR,1258,1054,2312
9417011,KAWOR,701,628,1329
9417012,TARUP,694,552,1246
9417013,AWINBON,270,244,514
9417020,OKSIBIL,1621,1071,2692
9417021,PEPERA,667,578,1245
9417022,ALEMSOM,1311,1228,2539
9417023,SERAMBAKON,1066,923,1989
9417024,KALOMDOL,690,502,1192
9417025,OKSOP,1029,930,1959
9417026,SEBANG,329,304,633
9417027,OK BAPE,286,291,577
9417028,OK AON,632,592,1224
9417030,BORME,1598,1314,2912
9417031,BIME,2272,2275,4547
9417032,EPUMEK,2321,2012,4333
9417033,WEIME  KAMEME,1353,1146,2499
9417034,PAMEK,1003,865,1868
9417035,NONGME ,1029,839,1868
9417036,BATANI,414,527,941
9417040,OKBI,1028,913,1941
9417041,ABOY,500,476,976
9417042,OKBAB,1795,1673,3468
9417043,TEIRAPLU,760,590,1350
9417044,YEFTA,333,276,609
9417050,KIWIROK,1491,1292,2783
9417051,KIWIROK TIMUR,905,812,1717
9417053,OKHIKA,675,640,1315
9417054,OKLIP,901,905,1806
9417055,WARASAMO,1009,996,2005
9417060,BATOM,2481,2145,4626
9417061,MURKIM,368,316,684
9417062,MOFINOP,632,515,1147
9417063,OKBEMTA,1370,1183,2553
9418,TOLIKARA,61697,52543,114240
9418010,KANGGIME,3440,3085,6525
9418011,WONIKI,4049,3339,7388
9418012,NABUNAGE,3962,3528,7490
9418013,GILUBANDU,3143,2622,5765
9418014,WAKUO,1218,941,2159
9418020,KARUBAGA,3683,3024,6707
9418021,GOYAGE,1854,1609,3463
9418022,WUNIN,1901,1701,3602
9418023,KONDAGA,1368,1181,2549
9418024,NELAWI,1722,1532,3254
9418025,KUARI,3699,3056,6755
9418030,BOKONDINI,2604,2207,4811
9418031,BOKONERI,2019,1765,3784
9418032,BEWANI,2069,1832,3901
9418040,KEMBU,2142,1816,3958
9418041,WINA,1808,1392,3200
9418042,UMAGI,1767,1415,3182
9418043,PANAGA,900,822,1722
9418044,POGANERI,559,492,1051
9418045,KAMBONERI,483,406,889
9418046,AIR GARAM,1651,1429,3080
9418047,DOW,219,223,442
9418048,WARITAIYEVE,318,275,593
9418049,EGIAM,148,124,272
9418051,NUNGGAWI,3338,2965,6303
9418060,KUBU,1702,1414,3116
9418070,GEYA,1500,1314,2814
9418080,NUMBA,1097,973,2070
9418090,DUNDU,893,710,1603
9418100,GUNDAGI ,2015,1712,3727
9418110,TIMORI,1767,1435,3202
9418121,YUNERI,2095,1673,3768
9418122,TAGINERI,468,447,915
9418123,DORMAN,96,84,180
9418124,SBEY,0,0,0
9419,SARMI,18409,14854,33263
9419021,PANTAI TIMUR BAGIAN BARAT,2086,1717,3803
9419022,PANTAI TIMUR,1086,1026,2112
9419031,BONGGO,2181,1674,3855
9419032,BONGGO TIMUR,1548,1291,2839
9419040,TOR ATAS,924,788,1712
9419050,SARMI,6587,5055,11642
9419051,SARMI TIMUR,884,734,1618
9419052,SARMI SELATAN,1024,809,1833
9419060,PANTAI BARAT,1324,1060,2384
9419061,APAWER HULU,765,700,1465
9420,KEEROM,26522,22005,48527
9420010,WEB,1374,1066,2440
9420011,TOWE HITAM,1277,1063,2340
9420020,SENGGI,1597,1140,2737
9420030,WARIS,1577,1475,3052
9420040,ARSO,11016,9189,20205
9420041,ARSO TIMUR,2719,2047,4766
9420050,SKANTO,6962,6025,12987
9426,WAROPEN,13346,11642,24988
9426010,WAROPEN BAWAH,2642,2329,4971
9426011,INGGERUS,865,752,1617
9426012,UREIFAISEI,3630,3087,6717
9426013,OADATE,879,717,1596
9426014,WAPOGA,889,800,1689
9426020,MASIREI,660,649,1309
9426021,RISEI SAYATI,820,766,1586
9426022,DEMBA,1074,948,2022
9426030,WALANI,1240,1031,2271
9426040,KIRIHI,647,563,1210
9427,SUPIORI,8334,7527,15861
9427010,SUPIORI SELATAN,1415,1320,2735
9427011,KEPULAUAN ARURI,2328,2083,4411
9427020,SUPIORI UTARA,865,789,1654
9427021,SUPIORI BARAT,1115,1032,2147
9427030,SUPIORI TIMUR,2611,2303,4914
9428,MAMBERAMO RAYA ,9769,8655,18424
9428030,WAROPEN ATAS,1451,1398,2849
9428031,BENUKI,640,533,1173
9428032,SAWAI,1215,1131,2346
9428040,MAMBERAMO ILIR,962,811,1773
9428050,MAMBERAMO TENGAH,1733,1262,2995
9428060,MAMBERAMO TENGAH TIMUR,861,793,1654
9428070,ROFAER,1376,1289,2665
9428080,MAMBERAMO ULU,1531,1438,2969
9429,NDUGA,43533,35987,79520
9429010,WOSAK,4575,4011,8586
9429020,KENYAM,4426,3732,8158
9429030,GESELMA,4507,3676,8183
9429040,MAPENDUMA,3558,2863,6421
9429050,MUGI,5091,4231,9322
9429060,YIGI,8952,7643,16595
9429070,MBUWA,6145,5136,11281
9429080,GEAREK,6279,4695,10974
9430,LANNY JAYA,80528,70856,151384
9430010,MAKKI,12146,11242,23388
9430020,PIRIME,10652,9516,20168
9430030,TIOM,11197,10118,21315
9430040,BALINGGA,8247,6756,15003
9430050,KUYAWAGE,6493,5704,12197
9430060,MALAGAINERI,3064,2429,5493
9430070,TIOMNERI,5364,4850,10214
9430080,DIMBA,7689,6667,14356
9430090,GAMELIA,9310,8002,17312
9430100,POGA,6366,5572,11938
9431,MAMBERAMO TENGAH,23376,19890,43266
9431010,KOBAKMA,10867,8925,19792
9431020,ILUGWA,1103,1076,2179
9431030,KELILA,4107,3784,7891
9431040,ERAGAYAM,3100,2781,5881
9431050,MEGAMBILIS,4199,3324,7523
9432,YALIMO,27079,24058,51137
9432010,WELAREK,4920,3915,8835
9432020,APALAPSILI,3022,2768,5790
9432030,ABENAHO,12943,11789,24732
9432040,ELELIM,3133,2812,5945
9432050,BENAWA,3061,2774,5835
9433,PUNCAK,49308,44055,93363
9433010,AGADUGUME ,3358,3138,6496
9433020,GOME,9240,8464,17704
9433030,ILAGA,8407,6999,15406
9433040,SINAK,10139,9464,19603
9433050,POGOMA,8613,7352,15965
9433060,WANGBE,2664,2457,5121
9433070,BEOGA,5787,5129,10916
9433080,DOUFO,1100,1052,2152
9434,DOGIYAI,42018,41306,83324
9434010,SUKIKAI SELATAN,2153,1582,3735
9434020,PIYAIYE,5633,4942,10575
9434030,MAPIA BARAT,2305,2259,4564
9434040,MAPIA TENGAH,4628,4899,9527
9434050,MAPIA,2778,2727,5505
9434060,DOGIYAI,5757,5864,11621
9434070,KAMU SELATAN,5994,6138,12132
9434080,KAMU,5633,5767,11400
9434090,KAMU TIMUR,3075,3067,6142
9434100,KAMU UTARA,4062,4061,8123
9435,INTAN JAYA,19920,18924,38844
9435010,HOMEYO,6196,5612,11808
9435020,SUGAPA,4290,4235,8525
9435030,HITADIPA,2228,2197,4425
9435040,AGISIGA,2928,2703,5631
9435050,BIANDOGA,2537,2451,4988
9435060,WANDAI,1741,1726,3467
9436,DEIYAI,32018,30980,62998
9436010,KAPIRAYA,1844,1870,3714
9436020,TIGI BARAT,13143,13153,26296
9436030,TIGI,6471,6408,12879
9436040,TIGI TIMUR,6268,6245,12513
9436050,BOWOBADO,4292,3304,7596
9471,KOTA JAYAPURA,139523,122253,261776
9471010,MUARA TAMI,6149,5207,11356
9471020,ABEPURA,40012,34657,74669
9471021,HERAM,22720,19769,42489
9471030,JAYAPURA SELATAN,35530,31393,66923
9471040,JAYAPURA UTARA,35112,31227,66339
